100018 126 -11.34 
100043 125 -2.11 
100068 128 -3.09 
100092 128 -4.16 
100117 132 -4.30 
100142 132 -4.65 
100166 127 4.61 
100191 136 -9.75 
100215 136 -7.18 
100240 140 -3.70 
100265 139 -5.26 
100290 136 2.67 
100315 132 0.89 
100340 135 -3.26 
100365 141 -11.00 
100390 132 5.16 
100415 136 -2.11 
100440 139 -9.93 
100464 135 2.96 
100489 141 -8.00 
100514 138 -2.79 
100539 132 6.19 
100563 140 -9.75 
100588 140 -6.64 
100613 139 0.08 
100637 131 4.01 
100662 129 3.95 
100686 128 -2.57 
100711 130 -2.32 
100737 125 1.51 
100761 123 3.78 
100786 123 -2.85 
100811 122 0.58 
100836 113 7.61 
100860 116 0.81 
100885 114 -2.47 
100910 110 6.61 
100935 107 2.59 
100959 103 5.92 
100984 103 1.35 
101009 97 6.33 
101035 91 9.69 
101060 93 0.50 
101085 89 4.43 
101110 84 9.54 
101135 82 4.97 
101160 80 5.35 
101185 81 2.43 
101210 74 9.21 
101235 75 5.86 
101260 76 -0.07 
101285 70 10.71 
101310 68 7.52 
101335 70 1.98 
101360 70 3.34 
101385 66 8.44 
101410 66 5.71 
101435 63 6.53 
101460 65 4.48 
101485 66 1.51 
101510 68 3.33 
101535 64 6.78 
101560 67 4.14 
101585 71 -2.60 
101610 72 3.23 
101635 69 6.18 
101660 73 1.71 
101685 77 -2.98 
101710 80 0.48 
101735 79 2.68 
101761 83 0.26 
101786 80 3.37 
101811 86 -0.00 
101836 92 -8.00 
101861 91 3.33 
101886 96 -3.06 
101911 93 2.37 
101935 97 0.52 
101960 103 -8.17 
101985 104 -0.72 
102010 104 0.48 
102035 108 -3.32 
102061 112 -5.29 
102086 120 -8.67 
102111 119 -2.84 
102136 118 2.39 
102161 126 -9.93 
102187 134 -11.81 
102212 129 1.11 
102237 134 -3.75 
102262 135 -7.50 
102287 135 -0.17 
102312 140 -9.06 
102337 132 4.04 
102362 136 -2.36 
102387 140 -10.76 
102412 146 -7.83 
102437 139 0.22 
102462 142 -0.98 
102488 137 -2.25 
102513 135 4.04 
102538 145 -15.36 
102563 137 2.41 
102588 140 -1.10 
102614 146 -12.85 
102639 136 6.82 
102664 136 1.08 
102689 138 -7.05 
102714 128 8.03 
102739 132 -2.36 
102764 130 -4.10 
102789 134 -2.60 
102814 126 1.73 
102839 127 3.18 
102864 125 -3.95 
102889 121 6.13 
102914 124 -4.92 
102939 115 6.95 
102964 113 5.53 
102989 116 -5.19 
103014 115 0.46 
103040 109 5.83 
103065 99 12.15 
103090 98 4.52 
103115 97 0.99 
103140 101 -1.49 
103165 93 6.50 
103190 85 14.50 
103215 87 0.50 
103240 84 4.50 
103265 81 7.33 
103290 79 4.95 
103314 81 1.95 
103340 78 4.64 
103365 77 6.09 
103390 71 8.24 
103415 77 1.01 
103440 73 2.83 
103465 74 7.28 
103490 76 -1.85 
103515 76 4.90 
103540 75 3.40 
103565 81 -1.43 
103590 75 5.79 
103614 74 9.44 
103640 74 1.13 
103665 79 0.07 
103690 78 0.96 
103715 84 -0.31 
103740 88 -5.46 
103766 85 6.20 
103791 87 0.94 
103816 85 3.16 
103841 90 -0.94 
103866 89 -0.04 
103891 93 0.53 
103916 93 -1.52 
103941 95 1.85 
103966 100 -5.73 
103991 104 -3.51 
104016 106 -2.66 
104041 107 -0.56 
104066 112 -5.13 
104091 112 -1.92 
104116 116 -3.06 
104141 118 -4.96 
104166 117 0.98 
104192 122 -5.81 
104217 125 -6.03 
104242 123 0.71 
104267 132 -9.64 
104292 137 -11.24 
104317 132 2.99 
104342 140 -8.66 
104367 131 1.77 
104392 133 2.32 
104417 139 -13.38 
104442 139 -1.91 
104467 144 -8.56 
104493 138 1.19 
104518 141 -2.53 
104543 143 -8.82 
104568 146 -4.62 
104593 138 2.08 
104619 135 4.49 
104644 138 -7.37 
104669 144 -8.56 
104694 142 -3.96 
104719 139 2.31 
104744 142 -6.37 
104769 143 -5.09 
104794 139 0.89 
104819 139 -1.43 
104844 138 -2.88 
104869 137 -0.75 
104894 140 -6.00 
104920 139 -2.90 
104945 137 0.11 
104970 137 -2.68 
104995 135 -0.71 
105020 127 6.31 
105046 129 -1.29 
105071 126 -1.35 
105096 121 6.49 
105121 119 0.84 
105146 117 1.94 
105171 112 4.54 
105196 109 4.64 
105221 102 7.07 
105246 99 6.62 
105271 98 1.42 
105296 99 1.05 
105321 90 9.13 
105346 85 11.25 
105371 85 1.67 
105396 81 7.05 
105421 80 5.13 
105446 77 5.58 
105470 80 1.93 
105495 77 3.70 
105520 67 15.81 
105545 70 3.63 
105570 62 9.25 
105595 62 9.83 
105620 65 -1.56 
105645 62 8.54 
105670 61 6.31 
105695 65 0.96 
105720 65 2.86 
105745 63 7.59 
105771 68 -0.24 
105796 65 5.26 
105821 63 9.20 
105846 64 2.70 
105871 67 1.87 
105896 66 3.92 
105921 67 4.72 
105946 72 -1.98 
105971 68 6.65 
105996 74 0.56 
106021 80 -6.38 
106046 78 5.25 
106071 79 2.83 
106096 79 2.28 
106121 84 -1.35 
106146 92 -7.77 
106171 91 1.18 
106196 95 -0.62 
106221 96 -2.09 
106246 96 2.73 
106271 106 -9.48 
106296 108 -5.01 
106321 111 -1.33 
106346 108 0.72 
106371 109 1.86 
106396 122 -15.07 
106421 124 -6.95 
106446 128 -3.70 
106471 127 -3.53 
106497 130 -2.69 
106522 134 -8.55 
106547 134 -2.03 
106572 133 -1.64 
106597 140 -8.74 
106622 136 -2.18 
106647 147 -9.88 
106672 144 -7.58 
106697 144 2.39 
106722 143 -6.26 
106747 152 -9.33 
106772 151 -8.78 
106797 149 2.02 
106822 149 -5.85 
106847 150 -3.60 
106872 153 -8.27 
106897 149 -0.66 
106921 151 -3.87 
106946 154 -9.23 
106971 150 -0.38 
106995 149 -1.24 
107020 157 -12.59 
107045 151 -1.50 
107070 155 -3.83 
107095 152 -5.95 
107120 154 -2.04 
107145 147 -0.98 
107170 148 0.48 
107195 150 -9.66 
107219 141 6.96 
107244 150 -9.56 
107269 151 -10.05 
107294 145 4.87 
107319 146 -4.08 
107344 145 -3.28 
107369 150 -7.65 
107394 143 0.43 
107418 145 -0.32 
107443 142 -4.50 
107467 139 3.65 
107492 135 -0.08 
107516 142 -6.99 
107541 138 -3.73 
107566 130 9.39 
107591 138 -9.59 
107616 132 -0.27 
107640 130 5.01 
107665 125 0.54 
107689 123 4.26 
107714 119 1.16 
107739 119 1.58 
107764 107 9.45 
107789 104 9.20 
107814 105 -3.14 
107839 98 8.92 
107863 105 -3.76 
107888 93 8.26 
107913 96 5.92 
107938 97 -5.61 
107963 86 15.91 
107988 83 7.39 
108013 86 -0.43 
108038 79 8.29 
108063 78 7.64 
108088 74 5.24 
108113 78 2.51 
108138 71 6.66 
108163 73 7.06 
108187 76 -3.98 
108212 69 12.11 
108237 71 3.92 
108262 67 5.88 
108288 67 6.96 
108313 72 -2.56 
108338 71 4.24 
108363 70 5.67 
108388 68 5.88 
108413 73 0.08 
108438 77 -2.88 
108463 76 4.42 
108488 76 3.72 
108513 79 0.19 
108538 88 -6.96 
108563 83 4.31 
108589 87 2.25 
108614 93 -7.71 
108639 92 3.39 
108664 96 -2.26 
108689 100 -4.16 
108715 99 1.49 
108740 103 -2.16 
108765 107 -5.47 
108790 106 1.15 
108815 113 -6.10 
108840 118 -8.44 
108865 129 -11.71 
108890 126 -3.36 
108915 125 3.57 
108940 134 -12.88 
108965 133 -3.41 
108990 128 4.44 
109016 129 -2.04 
109041 136 -9.81 
109066 140 -8.70 
109091 144 -7.20 
109116 141 -1.87 
109142 140 -0.13 
109167 142 -6.00 
109192 144 -5.23 
109217 144 -4.18 
109242 139 2.12 
109267 144 -6.25 
109292 146 -8.50 
109317 144 -0.33 
109341 144 -3.45 
109366 141 -0.37 
109390 141 -1.80 
109415 142 -4.93 
109441 140 -1.13 
109466 135 2.71 
109491 135 -1.05 
109516 132 -0.47 
109541 135 -3.36 
109565 137 -7.18 
109589 135 0.24 
109614 134 -1.18 
109638 126 5.84 
109663 129 -1.39 
109687 127 -3.25 
109712 126 2.26 
109737 117 6.11 
109762 113 7.76 
109787 119 -7.67 
109811 113 3.46 
109836 108 8.26 
109861 109 -0.83 
109886 102 6.72 
109911 99 6.85 
109936 98 1.27 
109961 95 5.16 
109986 95 2.06 
