4412 34 0.00 
4438 37 0.00 
4463 31 0.00 
4488 35 0.00 
4513 32 0.00 
4537 29 0.00 
4562 34 0.00 
4587 30 0.00 
4612 35 0.00 
4636 35 0.00 
4661 36 0.00 
4686 34 0.00 
4711 34 0.00 
4736 34 0.00 
4761 33 0.00 
4786 33 0.00 
4811 39 0.00 
4836 32 0.00 
4861 40 0.00 
4886 31 0.00 
4911 36 0.00 
4935 34 0.00 
4960 38 0.00 
4985 33 0.00 
5010 30 5.00 
5036 33 5.00 
5061 30 5.00 
5086 32 5.00 
5111 35 5.00 
5136 34 5.00 
5161 34 5.00 
5186 32 5.00 
5211 35 5.00 
5236 31 5.00 
5261 36 5.00 
5286 29 5.00 
5311 30 5.00 
5337 35 5.00 
5362 34 5.00 
5387 41 5.00 
5411 36 5.00 
5436 40 5.00 
5462 43 5.00 
5487 41 5.00 
5512 46 5.00 
5537 50 5.00 
5562 46 5.00 
5587 51 5.00 
5612 54 0.00 
5637 56 0.00 
5662 60 0.00 
5687 65 0.00 
5712 65 0.00 
5736 68 0.00 
5762 72 0.00 
5787 75 0.00 
5812 80 0.00 
5836 83 0.00 
5861 89 0.00 
5886 90 0.00 
5911 91 0.00 
5936 96 0.00 
5961 97 0.00 
5986 101 0.00 
6011 103 0.00 
6036 111 0.00 
6061 110 0.00 
6086 116 0.00 
6111 114 0.00 
6136 124 0.00 
6161 128 0.00 
6187 132 0.00 
6212 127 -5.00 
6237 132 -5.00 
6262 140 -5.00 
6287 141 -5.00 
6312 146 -5.00 
6337 148 -5.00 
6362 157 -5.00 
6387 161 -5.00 
6412 158 -5.00 
6437 159 -5.00 
6462 164 -5.00 
6488 167 -5.00 
6513 177 -5.00 
6538 166 -5.00 
6563 169 -5.00 
6588 179 -5.00 
6614 172 -5.00 
6639 175 -5.00 
6664 174 -5.00 
6689 180 -5.00 
6714 183 -5.00 
6739 182 -5.00 
6764 179 -5.00 
6789 172 -5.00 
6814 186 0.00 
6839 184 0.00 
6864 179 0.00 
6889 184 0.00 
6914 181 0.00 
6939 180 0.00 
6964 191 0.00 
6988 192 0.00 
7013 187 0.00 
7038 189 0.00 
7063 196 0.00 
7088 189 0.00 
7113 184 0.00 
7138 178 0.00 
7163 191 0.00 
7188 190 0.00 
7213 182 0.00 
7238 196 0.00 
7263 184 0.00 
7288 186 0.00 
7313 197 0.00 
7339 184 0.00 
7364 190 0.00 
7389 195 0.00 
