10260808 5 3 2.00 
10276524 5 0 4.06 
10301544 5 2 0.18 
10326560 -5 0 -7.82 
10351572 -5 0 -4.06 
10376616 -5 2 -4.18 
10401632 -5 4 -4.30 
10426656 -5 7 -5.42 
10451672 5 9 4.93 
10476720 5 6 5.35 
10501732 -5 7 -8.36 
10526752 5 5 7.46 
10551764 -5 1 -2.27 
10576808 -5 0 -0.31 
10601828 5 -5 14.69 
10626844 5 -5 7.65 
10651864 5 -9 8.12 
10676908 5 -8 3.48 
10701928 -5 -9 -6.87 
10726944 -5 -7 -5.31 
10751960 5 -3 3.40 
10777004 5 -7 5.94 
10802016 5 0 -3.67 
10827036 5 4 -5.68 
10852052 -5 1 -9.81 
10877104 5 3 2.91 
10902120 5 9 -4.48 
10927140 -5 4 -7.36 
10952156 -5 7 -6.95 
10977200 5 5 8.16 
11002212 5 9 0.08 
11027224 -5 6 -7.08 
11052244 -5 8 -5.87 
11077288 5 -2 16.68 
11102308 -5 -1 -2.45 
11127320 5 -2 9.65 
11152336 5 -7 10.04 
11177364 5 -3 1.38 
11202380 5 -15 12.93 
11227404 5 -23 15.06 
11252420 5 -20 5.37 
11277456 -5 -25 -1.56 
11302472 5 -30 14.82 
11327488 -5 -31 -0.54 
11352500 5 -28 7.51 
11377528 5 -27 3.74 
11402552 -5 -24 -10.17 
11427568 5 -20 1.49 
11452588 -5 -22 -6.51 
11477620 5 -15 0.26 
11502644 5 -16 1.73 
11527660 5 -14 -0.51 
11552676 -5 -14 -9.68 
11577708 -5 -13 -5.57 
11602720 -5 -13 -2.55 
11627740 -5 -7 -7.03 
11652756 -5 -2 -8.46 
11677792 -5 -6 -0.32 
11702808 -5 -4 -2.13 
11727820 5 0 4.91 
11752832 -5 -2 -5.40 
11777860 -5 -3 -1.79 
11802880 5 -9 15.05 
11827896 -5 -9 -2.06 
11852916 5 -4 4.09 
11877944 5 -11 9.32 
11902960 5 -17 11.14 
11927976 -5 -7 -13.77 
11952988 -5 -13 -0.83 
11978024 5 -19 15.83 
12003040 -5 -19 -1.37 
12028060 5 -17 7.74 
12053072 5 -10 -2.47 
12078104 5 -12 1.21 
12103120 5 -11 0.12 
12128136 -5 -9 -11.46 
12153152 5 -4 -0.61 
12178184 -5 -4 -10.04 
12203208 5 2 -1.05 
12228224 5 0 1.57 
12253248 5 2 -1.07 
12278276 -5 2 -10.44 
12303292 5 -1 7.57 
12328308 5 -4 6.96 
12353324 5 1 -1.25 
12378360 5 3 -2.50 
12403376 5 -3 4.81 
12428396 -5 2 -12.36 
12453412 5 4 1.61 
12478440 -5 1 -6.16 
12503456 -5 4 -6.26 
12528472 5 6 4.60 
12553492 5 6 2.27 
12578524 -5 5 -7.90 
12603544 -5 3 -2.25 
12628560 -5 8 -6.36 
12653580 -5 4 0.43 
12678612 5 0 13.94 
12703628 -5 8 -10.88 
12728648 -5 1 1.17 
12753660 5 7 4.41 
12778692 5 3 6.14 
12803708 5 3 3.13 
12828728 -5 2 -7.37 
12853744 5 -3 11.10 
12878772 -5 -2 -5.21 
12903784 5 -2 7.31 
12928800 5 -4 5.86 
12953820 -5 1 -11.80 
12978848 -5 -5 -0.08 
13003868 5 -8 12.96 
13028880 5 -10 8.87 
13053892 5 1 -6.11 
13078928 5 -3 1.06 
13103944 5 -4 1.77 
13128968 -5 -4 -8.84 
13153984 -5 0 -8.45 
13179020 5 3 2.62 
13204036 -5 8 -13.63 
13229052 -5 10 -9.20 
13254064 -5 8 -3.05 
13279092 5 9 7.08 
13304112 -5 16 -13.58 
13329128 -5 14 -5.42 
13354148 5 3 17.72 
13379176 -5 14 -12.08 
13404196 5 15 2.39 
13429212 -5 9 -3.10 
13454228 -5 8 -0.97 
13479264 -5 5 2.12 
13504280 -5 1 4.76 
13529300 5 -4 17.20 
13554316 -5 -11 5.87 
13579352 -5 -17 9.12 
13604368 5 -21 18.92 
13629384 5 -30 19.24 
13654400 5 -33 13.67 
13679428 -5 -40 4.97 
13704448 5 -39 12.54 
13729464 5 -38 6.59 
13754484 -5 -42 -1.42 
13779496 5 -41 9.40 
13804512 -5 -39 -5.92 
13829524 5 -33 2.06 
13854540 -5 -38 -2.83 
13879560 -5 -32 -6.42 
13904576 -5 -26 -8.40 
13929596 5 -25 5.43 
13954612 5 -20 -1.39 
13979628 -5 -15 -14.94 
14004640 -5 -13 -9.17 
14029652 -5 -20 2.65 
14054672 5 -17 8.78 
14079688 5 -13 1.05 
14104708 -5 -10 -11.94 
14129720 5 -16 10.18 
14154732 5 -12 1.72 
14179744 -5 -22 1.37 
14204760 5 -21 10.20 
14229784 -5 -20 -5.12 
14254800 5 -30 17.89 
14279820 -5 -26 -4.01 
14304832 5 -33 15.63 
14329848 -5 -39 4.95 
14354864 -5 -34 -1.50 
14379876 -5 -42 8.12 
14404900 -5 -38 1.17 
14429916 -5 -36 -0.43 
14454936 -5 -39 3.72 
14479952 -5 -37 0.88 
14504972 -5 -36 0.40 
14529988 -5 -36 1.13 
14555004 5 -41 16.49 
14580020 -5 -37 -4.37 
14605036 -5 -40 1.77 
14630056 -5 -40 1.94 
14655072 -5 -40 2.02 
14680092 5 -40 12.06 
14705108 5 -34 1.38 
14730120 5 -35 2.86 
14755144 5 -40 7.63 
14780156 5 -34 -0.84 
14805176 -5 -33 -10.25 
14830192 5 -38 10.72 
14855212 5 -38 6.65 
14880228 5 -35 1.61 
14905240 -5 -36 -6.99 
14930252 5 -31 2.43 
14955264 5 -38 9.30 
14980288 -5 -31 -11.06 
15005304 -5 -32 -3.75 
15030324 -5 -39 5.93 
15055340 5 -45 19.99 
15080352 5 -44 10.49 
15105368 5 -43 5.72 
15130384 -5 -48 -0.70 
15155404 -5 -53 5.94 
15180416 5 -60 21.41 
15205436 5 -69 21.65 
15230452 -5 -68 2.05 
15255464 -5 -73 7.91 
15280480 5 -80 23.00 
15305492 -5 -79 3.05 
15330512 -5 -76 0.74 
15355528 -5 -76 2.50 
15380548 5 -79 16.38 
15405564 5 -75 6.71 
15430580 5 -75 5.76 
15455592 5 -76 6.28 
15480604 5 -77 6.57 
15505628 5 -74 2.74 
15530644 5 -77 6.74 
15555664 5 -73 1.83 
15580680 -5 -72 -7.74 
15605692 -5 -74 0.14 
15630708 5 -66 4.14 
15655724 -5 -64 -7.80 
15680744 5 -61 4.87 
15705760 5 -61 4.41 
15730784 5 -58 1.19 
15755800 5 -61 5.48 
15780816 -5 -59 -7.28 
15805832 5 -55 3.98 
15830848 -5 -51 -10.21 
15855872 5 -50 5.28 
15880884 5 -49 3.29 
15905904 -5 -48 -7.74 
15930920 5 -45 4.42 
15955936 -5 -49 -2.29 
15980952 5 -39 0.18 
16005964 -5 -44 -3.59 
16030984 -5 -41 -3.63 
16055996 -5 -34 -7.73 
16081020 -5 -34 -3.00 
16106036 5 -33 8.37 
16131052 5 -33 5.33 
16156080 5 -36 6.80 
16181096 5 -36 4.63 
16206120 5 -38 5.55 
16231136 5 -38 4.06 
16256172 -5 -40 -4.68 
16281188 5 -31 -0.29 
16306212 5 -34 3.94 
16331224 -5 -34 -6.86 
16356252 5 -29 2.44 
16381276 -5 -27 -9.76 
16406292 -5 -29 -2.22 
16431312 -5 -26 -3.39 
16456344 5 -25 7.93 
16481364 5 -25 4.87 
16506380 -5 -27 -4.67 
16531392 -5 -27 -1.67 
16556424 -5 -24 -3.18 
16581440 5 -20 4.98 
16606460 5 -20 3.24 
16631476 5 -30 12.37 
16656512 5 -25 2.24 
16681524 5 -27 4.02 
16706540 5 -30 5.97 
16731556 -5 -33 -2.97 
16756584 5 -30 6.36 
16781604 5 -28 2.23 
16806616 5 -33 7.10 
16831636 -5 -31 -7.31 
16856664 5 -31 7.13 
16881684 5 -25 -1.36 
16906696 -5 -28 -6.78 
16931712 -5 -28 -2.70 
16956748 5 -28 9.34 
16981764 5 -25 2.66 
17006788 5 -26 3.23 
17031804 5 -23 -0.45 
17056840 -5 -23 -9.39 
17081856 -5 -30 2.85 
17106872 -5 -30 2.17 
17131888 5 -21 2.84 
17156920 -5 -26 -2.80 
17181944 -5 -28 1.23 
17206960 -5 -23 -3.70 
17231984 -5 -26 1.69 
17257012 -5 -28 3.48 
17282028 -5 -26 0.43 
17307040 -5 -27 1.84 
17332052 5 -33 17.58 
17357088 -5 -34 0.93 
17382104 5 -31 8.34 
17407128 -5 -35 -0.75 
17432144 5 -33 8.52 
17457176 -5 -34 -3.60 
17482192 5 -33 8.07 
17507208 5 -32 4.18 
17532228 5 -38 9.20 
17557260 5 -34 1.89 
17582284 5 -33 1.11 
17607300 5 -33 1.70 
17632320 5 -31 -0.01 
17657352 5 -32 2.07 
17682368 -5 -31 -8.85 
17707384 5 -26 1.35 
17732400 -5 -28 -6.39 
17757436 5 -22 1.49 
17782452 -5 -23 -7.44 
17807472 -5 -20 -6.18 
17832484 -5 -13 -9.64 
17857512 -5 -19 1.42 
17882528 -5 -23 5.13 
17907544 -5 -16 -3.90 
17932568 5 -20 12.38 
17957600 -5 -19 -4.06 
17982620 -5 -24 3.39 
18007636 5 -26 14.27 
18032656 5 -28 10.06 
18057684 5 -26 4.02 
18082696 -5 -26 -7.06 
18107712 -5 -38 9.10 
18132728 -5 -41 8.54 
18157764 5 -42 16.35 
18182776 5 -40 7.59 
18207796 -5 -44 -0.86 
18232812 -5 -40 -3.26 
18257840 5 -38 7.42 
18282852 5 -37 4.00 
18307864 5 -34 0.26 
18332884 5 -30 -2.70 
18357912 -5 -32 -8.30 
18382932 -5 -32 -3.34 
18407948 5 -25 2.14 
18432964 5 -22 -1.03 
18457996 5 -22 0.30 
18483012 -5 -16 -15.04 
18508036 5 -20 6.81 
18533048 5 -18 2.15 
18558100 5 -15 -1.23 
18583112 -5 -18 -7.02 
18608136 -5 -18 -3.12 
18633152 -5 -19 -0.17 
18658196 -5 -17 -1.66 
18683212 -5 -20 2.53 
18708228 5 -20 11.71 
18733252 5 -18 4.61 
18758296 -5 -17 -8.01 
18783316 -5 -19 -1.64 
18808332 5 -24 14.60 
18833348 -5 -19 -6.83 
18858392 5 -24 12.00 
18883408 -5 -24 -3.13 
18908432 -5 -18 -6.99 
18933448 -5 -26 4.89 
18958496 5 -21 8.08 
18983508 5 -18 1.82 
19008528 5 -19 2.60 
19033544 -5 -16 -10.98 
19058584 5 -20 8.84 
19083596 -5 -26 1.17 
19108612 -5 -24 -0.79 
19133632 -5 -25 1.18 
19158676 5 -25 11.19 
19183696 5 -27 8.49 
19208712 5 -25 3.21 
19233728 5 -29 6.50 
19258772 5 -23 -1.73 
19283788 -5 -27 -6.02 
19308808 5 -24 4.65 
19333824 5 -21 0.19 
19358876 5 -22 1.88 
19383888 5 -20 -0.25 
19408908 5 -22 2.62 
19433920 5 -21 1.12 
19458964 5 -22 2.34 
19483980 5 -13 -7.02 
19508996 5 -20 4.03 
19534016 5 -22 4.77 
19559060 -5 -17 -11.81 
19584084 5 -16 3.46 
19609096 -5 -16 -7.64 
19634112 5 -18 8.51 
19659156 -5 -17 -6.06 
19684172 -5 -22 2.33 
19709192 -5 -24 3.68 
19734208 -5 -24 2.41 
19759244 5 -28 15.77 
19784256 5 -27 7.88 
19809272 5 -31 8.90 
19834288 -5 -35 -0.47 
19859316 -5 -33 -1.34 
19884336 5 -39 16.17 
19909352 -5 -33 -6.59 
19934372 5 -35 9.54 
19959400 -5 -32 -7.03 
19984420 -5 -34 -0.70 
20009432 5 -28 4.52 
20034448 -5 -29 -5.75 
20059476 5 -20 -1.16 
20084492 -5 -26 -3.83 
20109512 -5 -27 -0.28 
20134524 -5 -16 -10.48 
20159560 -5 -17 -3.91 
20184576 5 -20 11.40 
20209588 -5 -20 -3.55 
20234600 -5 -18 -3.32 
20259632 5 -19 9.73 
20284652 -5 -18 -5.42 
20309668 5 -17 6.68 
20334688 5 -18 5.00 
20359716 -5 -20 -4.81 
20384732 5 -19 7.05 
20409748 5 -19 4.24 
20434764 -5 -22 -4.16 
20459800 -5 -25 1.43 
20484816 5 -23 9.32 
20509836 -5 -28 0.50 
20534852 5 -27 9.94 
20559888 5 -32 10.93 
20584904 -5 -34 -1.43 
20609920 -5 -34 0.16 
20634940 5 -32 8.95 
20659972 -5 -28 -8.42 
20684992 5 -33 11.48 
20710004 -5 -28 -8.12 
20735024 -5 -27 -4.37 
20760056 -5 -28 -0.52 
20785072 -5 -29 1.43 
20810088 -5 -25 -2.57 
20835104 5 -23 7.32 
20860136 -5 -24 -4.50 
20885152 -5 -22 -3.68 
20910176 -5 -20 -3.33 
20935192 5 -21 9.78 
20960220 -5 -20 -5.33 
20985236 5 -13 0.79 
21010252 5 -17 4.93 
21035272 5 -16 2.13 
21060300 5 -17 2.69 
21085320 -5 -20 -4.99 
21110336 -5 -17 -5.05 
21135348 -5 -20 0.84 
21160380 5 -15 5.87 
21185396 5 -9 -2.47 
21210416 -5 -19 -0.81 
21235428 5 -19 10.01 
21260460 -5 -21 -2.27 
21285472 5 -20 8.34 
21310492 -5 -21 -4.08 
21335508 5 -20 7.44 
21360536 -5 -27 1.47 
21385548 -5 -25 -0.60 
21410564 -5 -27 2.30 
21435584 5 -24 8.81 
21460612 5 -26 7.27 
21485632 5 -24 2.57 
21510648 -5 -23 -8.85 
21535660 -5 -29 2.12 
21560688 -5 -27 -0.22 
21585704 5 -28 11.55 
21610724 5 -22 0.76 
21635736 5 -27 6.19 
21660768 -5 -31 -1.94 
21685780 -5 -25 -6.19 
21710796 5 -23 5.50 
21735812 -5 -24 -5.41 
21760840 5 -15 -1.13 
21785860 5 -16 1.03 
21810876 -5 -14 -10.85 
21835896 -5 -16 -3.16 
21860924 5 -11 3.75 
21885940 5 -17 8.36 
21910956 5 -16 3.84 
21935968 5 -19 5.55 
21961000 -5 -16 -9.51 
21986016 5 -21 10.58 
22011036 5 -16 1.07 
22036052 5 -15 0.16 
22061088 -5 -16 -8.32 
22086104 -5 -19 -0.83 
22111120 5 -7 -1.99 
22136140 -5 -18 0.36 
22161168 5 -16 8.57 
22186188 5 -11 -0.08 
22211204 -5 -13 -7.56 
22236224 5 -11 4.46 
22261240 5 -22 13.71 
22286256 -5 -15 -9.34 
22311268 5 -11 1.63 
22336284 5 -16 6.30 
22361304 5 -13 0.78 
22386320 5 -9 -3.07 
22411340 -5 -8 -12.12 
22436352 -5 -16 2.03 
22461368 -5 -17 2.35 
22486384 -5 -13 -2.47 
22511400 -5 -13 -0.99 
22536420 -5 -17 3.74 
22561436 -5 -22 7.23 
22586456 -5 -20 2.13 
22611472 -5 -24 5.51 
22636484 5 -29 18.33 
22661500 -5 -30 1.18 
22686512 5 -34 15.34 
22711532 -5 -36 0.84 
22736548 5 -41 16.35 
22761568 5 -46 14.56 
22786584 -5 -43 -4.19 
22811596 5 -39 5.04 
22836612 5 -43 7.84 
22861628 -5 -39 -8.64 
22886648 5 -32 -0.30 
22911664 5 -34 2.96 
22936684 5 -32 0.65 
22961700 -5 -23 -17.56 
22986712 -5 -27 -4.24 
23011728 -5 -19 -9.46 
23036740 5 -16 2.69 
23061764 5 -10 -4.03 
23086780 -5 -8 -13.56 
23111800 5 -5 0.31 
23136816 5 -5 0.45 
23161828 -5 -5 -9.47 
23186844 5 1 -0.74 
23211856 5 0 0.75 
23236876 5 4 -3.47 
23261892 5 0 2.29 
23286912 5 2 -0.70 
23311924 -5 -7 -1.26 
23336940 -5 -6 -1.57 
23361956 -5 -8 1.24 
23386968 5 -5 7.71 
23411992 -5 -12 1.16 
23437008 5 -9 7.79 
23462028 5 -14 9.31 
23487044 5 -15 6.23 
23512060 5 -18 6.71 
23537076 -5 -16 -7.95 
23562088 -5 -22 2.35 
23587108 -5 -25 4.69 
23612124 5 -17 4.94 
23637144 5 -13 -0.87 
23662156 -5 -14 -8.89 
23687176 -5 -15 -3.18 
23712188 5 -14 7.71 
23737204 5 -9 -0.57 
23762224 5 -12 3.13 
23787240 -5 -7 -12.92 
23812260 5 -6 2.60 
23837272 5 -4 -0.37 
23862292 5 -1 -2.92 
23887308 5 3 -5.28 
23912324 -5 -2 -7.58 
23937344 -5 -5 -0.88 
23962360 5 -2 6.56 
23987380 -5 0 -8.51 
24012396 5 -6 11.60 
24037420 5 -4 4.13 
24062436 -5 -8 -3.67 
24087448 -5 -7 -2.74 
24112468 -5 -4 -4.31 
24137484 -5 -14 7.81 
24162508 5 -8 8.18 
24187520 -5 -19 5.48 
24212544 -5 -20 4.16 
24237560 5 -25 17.53 
24262572 -5 -25 -0.34 
24287584 -5 -33 8.43 
24312600 5 -35 17.06 
24337624 -5 -36 0.73 
24362640 -5 -35 0.29 
24387660 -5 -37 3.05 
24412672 -5 -34 -0.52 
24437688 5 -33 9.61 
24462704 5 -32 4.95 
24487716 5 -34 5.58 
24512736 -5 -30 -10.04 
24537752 -5 -28 -6.27 
24562772 5 -28 7.56 
24587784 -5 -20 -13.23 
24612796 -5 -21 -5.17 
24637812 5 -14 0.90 
24662828 -5 -10 -12.98 
24687848 5 -7 0.66 
24712860 -5 -7 -9.31 
24737884 -5 -3 -8.60 
24762896 -5 -2 -5.36 
24787908 -5 -5 0.23 
24812928 5 -9 14.12 
24837944 5 -6 4.48 
24862964 -5 -11 -2.43 
24887980 5 -13 10.96 
24913000 5 -18 11.02 
24938016 -5 -23 1.20 
24963028 -5 -26 4.14 
24988044 -5 -26 2.70 
25013060 5 -23 8.98 
25038080 5 -21 3.33 
25063096 5 -32 13.45 
25088116 -5 -27 -7.17 
25113128 5 -21 1.08 
25138160 -5 -29 -0.68 
25163172 -5 -25 -3.62 
25188188 5 -21 4.79 
25213212 5 -21 3.17 
25238240 5 -21 2.37 
25263260 5 -17 -2.04 
25288272 5 -16 -1.36 
25313292 5 -18 1.95 
25338324 5 -12 -4.33 
25363336 5 -9 -4.66 
25388356 -5 -13 -7.91 
25413368 5 -6 -0.71 
25438404 5 0 -6.03 
25463420 5 -7 4.14 
25488444 5 -7 2.43 
25513456 -5 -5 -10.43 
25538488 5 -1 0.79 
25563500 -5 -5 -5.43 
25588516 5 -6 8.29 
25613536 -5 1 -12.53 
25638564 5 -3 7.56 
25663584 -5 -8 -0.98 
25688600 -5 -4 -4.40 
25713612 5 -5 8.77 
25738640 -5 -1 -9.32 
25763652 -5 -2 -3.78 
25788672 5 1 5.02 
25813688 5 -6 9.63 
25838724 -5 0 -10.85 
25863736 5 -4 8.42 
25888752 -5 -10 0.48 
25913768 5 -10 10.39 
25938796 5 -10 5.65 
25963820 5 -12 5.27 
25988836 5 -14 5.15 
26013856 -5 -17 -3.86 
26038888 -5 -15 -3.57 
26063912 5 -16 9.52 
26088928 -5 -13 -7.61 
26113940 -5 -17 0.43 
26138968 5 -6 -0.42 
26163980 5 -5 -0.88 
26189004 5 -8 2.86 
26214020 5 -9 2.82 
26239056 -5 -10 -7.17 
26264072 5 -14 10.56 
26289088 5 -16 7.85 
26314104 5 -11 -0.44 
26339136 5 -14 3.26 
26364156 5 -19 7.20 
26389172 -5 -17 -7.68 
26414192 -5 -15 -5.48 
26439220 5 -19 11.56 
26464236 -5 -16 -6.50 
26489252 5 -7 -1.92 
26514268 5 -13 5.40 
26539304 5 -14 4.24 
26564320 5 -7 -4.31 
26589340 5 -12 3.20 
26614352 -5 -17 -2.89 
26639384 5 -15 6.92 
26664400 5 -20 9.06 
26689416 -5 -15 -9.72 
26714440 -5 -17 -2.56 
26739468 -5 -17 -0.92 
26764488 5 -17 9.90 
26789504 -5 -17 -4.39 
26814528 -5 -17 -1.84 
26839560 5 -18 10.44 
26864576 -5 -13 -9.09 
26889592 5 -20 12.70 
26914608 5 -14 1.10 
26939644 -5 -19 -3.88 
26964660 5 -24 13.48 
26989680 5 -22 5.61 
27014696 5 -19 0.61 
27039724 -5 -29 1.03 
27064740 5 -27 9.23 
27089756 5 -24 2.58 
27114776 -5 -29 -2.84 
27139804 -5 -25 -4.70 
27164824 -5 -22 -4.75 
27189840 5 -22 8.13 
27214860 5 -24 6.88 
27239892 -5 -23 -6.69 
27264908 5 -21 5.19 
27289928 5 -30 12.38 
27314944 5 -20 -2.76 
27339980 -5 -23 -7.63 
27364996 -5 -22 -4.28 
27390016 5 -19 5.37 
27415032 5 -24 8.41 
27440060 -5 -17 -11.93 
27465076 5 -15 2.40 
27490092 -5 -10 -13.20 
27515112 -5 -10 -6.45 
27540156 5 -7 3.92 
27565176 5 -8 3.32 
27590192 -5 -2 -13.95 
27615208 5 -6 6.94 
27640252 5 -3 0.80 
27665264 -5 -2 -10.36 
27690288 -5 2 -9.27 
27715304 5 0 7.15 
27740352 -5 -5 -1.27 
27765368 -5 1 -6.64 
27790388 -5 -6 3.50 
27815404 -5 1 -5.22 
27840448 5 -7 15.21 
27865464 5 -7 7.97 
27890480 -5 -16 3.34 
27915500 5 -17 13.00 
27940544 -5 -20 0.16 
27965568 5 -22 12.53 
27990584 5 -26 11.08 
28015596 5 -28 8.47 
28040640 -5 -34 1.22 
28065656 -5 -33 0.48 
28090676 5 -34 12.08 
28115692 -5 -30 -6.79 
28140744 -5 -35 2.36 
28165760 5 -28 5.08 
28190780 5 -27 2.53 
28215796 5 -30 5.22 
28240840 5 -27 0.66 
28265856 5 -27 1.29 
28290872 5 -21 -4.39 
28315896 -5 -27 -5.42 
28340940 -5 -19 -10.05 
28365960 5 -12 -1.60 
28390976 5 -9 -3.29 
28415992 5 -9 -1.23 
28441036 -5 -6 -13.19 
28466048 -5 -9 -3.57 
28491068 5 -10 9.34 
28516084 5 -8 3.12 
28541136 5 -1 -5.05 
28566152 -5 -5 -8.35 
28591176 5 -8 8.83 
28616192 -5 1 -14.20 
28641232 5 1 2.72 
28666256 -5 -1 -6.52 
28691268 5 1 4.62 
28716288 5 -9 12.43 
28741316 -5 -2 -10.36 
28766340 5 -9 11.73 
28791352 -5 -14 1.28 
28816368 -5 -22 8.91 
28841396 5 -23 15.97 
28866412 -5 -30 5.82 
28891436 -5 -32 5.66 
28916452 -5 -27 -1.36 
28941484 -5 -30 2.98 
28966496 -5 -32 4.24 
28991516 5 -32 12.93 
29016532 5 -28 3.58 
29041560 5 -30 4.78 
29066572 5 -32 5.44 
29091588 -5 -31 -7.17 
29116608 5 -33 9.19 
29141636 -5 -29 -8.26 
29166656 5 -23 0.59 
29191668 5 -26 4.13 
29216684 5 -16 -7.00 
29241712 -5 -17 -11.87 
29266728 -5 -19 -3.58 
29291748 -5 -15 -5.37 
29316764 -5 -9 -8.38 
29341796 5 -3 -0.07 
29366812 5 1 -3.80 
29391824 5 -1 0.22 
29416840 -5 0 -10.71 
29441872 -5 -1 -4.50 
29466896 5 -2 8.63 
29491912 -5 -1 -6.48 
29516932 5 -2 7.64 
29541960 5 -1 3.03 
29566980 -5 -4 -5.30 
29591996 -5 -7 0.32 
29617012 5 -8 11.22 
29642044 -5 -9 -3.00 
29667056 5 -6 5.62 
29692076 -5 -11 -1.86 
29717088 -5 -16 4.25 
29742124 -5 -13 -0.55 
29767140 -5 -19 5.97 
29792156 -5 -14 -1.60 
29817172 -5 -16 1.47 
29842200 -5 -22 7.07 
29867220 -5 -24 6.04 
29892236 5 -17 6.59 
29917256 5 -15 1.96 
29942288 5 -23 9.58 
29967304 5 -25 7.63 
29992320 5 -19 -1.29 
30017336 5 -22 3.08 
30042368 5 -22 2.35 
30067384 5 -21 0.98 
30092404 -5 -20 -9.73 
30117416 -5 -14 -10.41 
30142444 5 -12 3.06 
30167460 5 -6 -3.96 
30192476 5 1 -8.65 
30217496 5 2 -5.20 
30242524 -5 5 -15.51 
30267544 5 3 3.94 
30292560 5 6 -0.97 
30317584 5 16 -10.51 
30342612 -5 3 -2.59 
30367628 -5 8 -6.53 
30392648 5 5 9.34 
30417664 -5 5 -5.33 
30442700 -5 -3 5.04 
30467712 5 2 7.46 
30492736 5 -3 8.82 
30517752 5 -6 7.65 
30542784 -5 -9 -2.85 
30567804 5 -20 19.70 
30592820 5 -17 7.60 
30617840 -5 -16 -6.54 
30642868 -5 -21 2.06 
30667888 5 -23 13.51 
30692900 -5 -18 -7.41 
30717916 -5 -18 -3.31 
30742948 -5 -18 -1.27 
30767960 -5 -15 -3.24 
30792980 -5 -16 -0.32 
30817996 -5 -3 -12.83 
30843028 -5 -8 -1.48 
30868044 -5 -2 -6.65 
30893068 -5 0 -5.41 
30918084 5 3 4.14 
30943112 5 1 4.13 
30968132 -5 1 -7.81 
30993148 5 5 1.91 
31018168 5 2 3.96 
31043196 -5 2 -7.93 
31068216 -5 4 -6.18 
31093232 5 7 3.64 
31118244 -5 3 -4.24 
31143260 5 4 6.64 
31168276 5 5 2.35 
31193296 5 5 1.18 
31218312 5 5 0.59 
31243348 5 1 4.29 
31268364 5 2 1.27 
31293376 5 1 1.72 
31318400 -5 -1 -7.02 
31343412 -5 0 -4.63 
31368432 5 -2 9.54 
31393448 -5 1 -8.02 
31418468 -5 4 -7.19 
31443480 -5 -1 1.13 
31468492 5 -2 11.45 
31493508 -5 5 -11.07 
31518520 -5 -2 1.17 
31543540 -5 3 -4.51 
31568556 -5 3 -2.49 
31593576 -5 2 -0.49 
31618592 5 5 6.55 
31643604 5 1 7.27 
31668620 -5 0 -5.24 
31693636 -5 -4 1.23 
31718656 -5 -7 3.58 
31743672 5 -3 7.85 
31768696 -5 2 -10.83 
31793712 5 -2 8.37 
31818724 5 -7 9.40 
31843740 5 -2 0.06 
31868752 -5 0 -11.76 
31893772 5 -5 8.97 
31918784 -5 -3 -7.22 
31943804 -5 -1 -5.67 
31968820 -5 1 -4.95 
31993836 -5 2 -3.66 
32018852 5 1 8.96 
32043868 5 10 -4.40 
32068888 -5 7 -9.35 
32093900 -5 2 -0.03 
32118924 5 2 9.77 
32143936 -5 4 -7.02 
32168952 5 0 10.22 
32193968 -5 -1 -3.74 
32218984 5 -4 11.01 
32244004 -5 -13 4.77 
32269020 -5 -10 -0.37 
32294040 5 -14 13.96 
32319056 5 -17 10.55 
32344076 5 -21 9.94 
32369088 5 -21 5.75 
32394100 -5 -23 -4.35 
32419120 5 -29 14.37 
32444132 5 -26 5.20 
32469156 5 -28 5.53 
32494168 -5 -31 -3.24 
32519188 5 -31 9.16 
32544204 5 -27 1.66 
32569220 5 -31 5.79 
32594240 -5 -25 -12.03 
32619256 5 -25 4.59 
32644276 5 -28 6.19 
32669288 -5 -30 -3.91 
32694312 -5 -26 -5.21 
32719328 5 -24 6.03 
32744340 5 -21 0.88 
32769364 -5 -16 -13.78 
32794380 -5 -15 -7.56 
32819400 -5 -7 -11.48 
32844416 5 -11 8.32 
32869436 -5 -2 -14.36 
32894448 5 -6 6.73 
32919464 -5 -2 -10.30 
32944476 5 -5 7.76 
32969492 -5 -5 -5.82 
32994512 -5 -4 -3.91 
33019528 -5 -8 2.01 
33044552 5 -17 20.10 
33069568 5 -16 9.71 
33094584 -5 -30 9.48 
33119600 5 -28 13.49 
33144612 -5 -33 2.74 
33169632 5 -37 16.21 
33194648 5 -42 14.36 
33219672 -5 -43 -0.41 
33244688 -5 -46 3.94 
33269704 -5 -47 4.20 
33294720 -5 -48 4.36 
33319736 -5 -44 -0.53 
33344756 5 -42 8.90 
33369772 -5 -43 -3.14 
33394792 5 -37 3.57 
33419808 -5 -35 -8.95 
33444824 5 -30 1.42 
33469840 -5 -27 -11.24 
33494856 5 -19 -2.96 
33519876 -5 -30 0.24 
33544892 -5 -19 -10.13 
33569912 -5 -15 -8.64 
33594924 -5 -15 -4.02 
33619952 -5 -22 5.29 
33644968 -5 -20 1.15 
33669984 5 -18 9.03 
33695004 -5 -23 0.20 
33720036 5 -25 12.64 
33745060 -5 -28 0.22 
33770076 5 -30 12.80 
33795096 5 -31 8.45 
33820124 -5 -36 0.31 
33845136 5 -32 7.08 
33870160 -5 -30 -7.35 
33895176 -5 -30 -2.92 
33920212 5 -34 13.29 
33945228 -5 -25 -11.19 
33970248 -5 -24 -5.99 
33995264 5 -27 10.57 
34020292 5 -23 2.25 
34045308 5 -22 0.96 
34070324 5 -24 3.29 
34095344 -5 -22 -9.48 
34120372 5 -26 9.77 
34145396 5 -21 0.81 
34170408 5 -26 6.19 
34195420 5 -28 6.02 
34220448 -5 -29 -5.00 
34245464 -5 -26 -4.78 
34270484 -5 -29 1.24 
34295500 -5 -27 -0.66 
34320536 5 -24 7.33 
34345548 -5 -26 -3.46 
34370572 -5 -22 -5.10 
34395588 5 -23 8.96 
34420616 5 -24 6.32 
34445640 -5 -22 -7.97 
34470656 5 -16 0.52 
34495676 -5 -21 -4.11 
34520704 5 -17 4.43 
34545724 5 -22 7.87 
34570740 -5 -18 -9.25 
34595756 5 -23 10.76 
34620784 -5 -24 -2.78 
34645796 5 -25 10.18 
34670816 5 -19 -0.01 
34695832 5 -23 4.72 
34720868 5 -23 3.20 
34745884 5 -26 5.44 
34770900 -5 -25 -7.35 
34795916 -5 -26 -2.08 
34820948 5 -24 7.59 
34845968 5 -24 4.67 
34870980 -5 -21 -9.80 
34896000 -5 -24 -1.42 
34921028 -5 -26 1.86 
34946040 -5 -25 0.56 
34971056 5 -21 6.88 
34996072 5 -27 10.22 
35021100 5 -29 8.07 
35046116 -5 -24 -9.94 
35071136 -5 -25 -3.40 
35096152 5 -32 15.90 
35121188 -5 -23 -9.94 
35146200 5 -20 2.57 
35171212 -5 -26 -1.97 
35196228 5 -24 7.65 
35221260 5 -20 0.69 
35246280 -5 -22 -6.90 
35271296 5 -15 0.06 
35296320 5 -18 3.63 
35321348 -5 -22 -3.50 
35346364 -5 -22 -1.24 
35371380 -5 -25 2.89 
35396396 5 -21 8.05 
35421428 -5 -24 -2.20 
35446440 -5 -20 -4.53 
35471464 -5 -27 5.19 
35496476 -5 -21 -2.75 
35521504 -5 -27 5.11 
35546520 5 -23 9.21 
35571536 5 -25 7.45 
35596556 5 -25 4.62 
35621584 -5 -25 -6.79 
35646604 -5 -22 -5.79 
35671616 5 -21 6.61 
35696632 5 -24 7.09 
35721660 5 -17 -2.59 
35746676 -5 -9 -18.63 
35771700 5 -17 8.80 
35796716 -5 -18 -3.94 
35821752 -5 -17 -2.58 
35846768 5 -14 6.07 
35871788 -5 -17 -3.39 
35896804 -5 -17 -1.34 
35921832 -5 -13 -4.31 
35946848 -5 -12 -2.91 
35971864 5 -10 6.75 
35996884 5 -9 2.83 
36021928 -5 -8 -9.17 
36046948 5 -7 4.51 
36071964 -5 -12 -2.39 
36096980 -5 -10 -2.98 
36122024 5 -9 7.66 
36147040 -5 -10 -4.75 
36172060 -5 -7 -5.23 
36197076 -5 -6 -3.55 
36222128 -5 -8 0.25 
36247140 -5 -5 -2.78 
36272160 -5 -10 3.61 
36297176 -5 -7 -1.05 
36322220 -5 -8 0.54 
36347232 5 -5 7.36 
36372248 5 -10 8.98 
36397268 5 -9 3.94 
36422312 5 -16 9.39 
36447336 5 -16 5.32 
36472352 -5 -13 -9.71 
36497368 5 -13 5.39 
36522412 5 -9 -0.77 
36547428 -5 -9 -9.96 
36572448 -5 -6 -7.86 
36597464 -5 -7 -2.90 
36622516 -5 1 -9.39 
36647528 5 -1 7.12 
36672548 -5 -4 -3.26 
36697564 -5 0 -5.66 
36722608 5 -9 16.02 
36747624 -5 -5 -5.57 
36772636 5 -7 9.22 
36797656 5 -9 6.97 
36822700 5 -13 7.90 
36847724 -5 -16 -2.51 
36872736 -5 -14 -2.92 
36897752 5 -19 13.81 
36922796 5 -19 7.62 
36947812 5 -22 7.53 
36972836 -5 -21 -6.42 
36997852 5 -27 13.27 
37022900 5 -25 5.59 
37047916 -5 -26 -5.30 
37072936 5 -31 12.98 
37097952 -5 -34 0.57 
37122992 -5 -34 1.15 
37148008 -5 -27 -5.55 
37173024 -5 -31 1.88 
37198044 -5 -34 4.72 
37223076 -5 -32 1.23 
37248096 5 -33 12.43 
37273108 5 -35 9.35 
37298124 -5 -34 -5.12 
37323152 -5 -38 2.31 
37348168 5 -43 17.14 
37373188 5 -35 2.01 
37398204 -5 -33 -9.79 
37423240 5 -36 8.94 
37448256 -5 -35 -5.30 
37473272 -5 -28 -8.75 
37498284 -5 -23 -8.68 
37523312 5 -23 6.20 
37548332 -5 -16 -13.06 
37573344 -5 -20 -2.20 
37598364 5 -17 6.35 
37623392 -5 -15 -8.17 
37648412 -5 -9 -9.78 
37673428 5 -11 7.23 
37698440 -5 -8 -8.91 
37723472 5 -16 13.64 
37748488 5 -13 4.45 
37773508 5 -17 6.76 
37798524 -5 -21 -1.96 
37823560 -5 -25 3.50 
37848576 -5 -30 7.35 
37873592 5 -31 15.43 
37898608 5 -32 9.79 
37923640 5 -38 12.01 
37948660 -5 -49 8.29 
37973676 5 -45 11.47 
37998696 -5 -48 0.23 
38023728 -5 -48 1.41 
38048744 -5 -47 0.99 
38073760 -5 -46 0.76 
38098776 -5 -45 0.61 
38123812 5 -40 6.50 
38148828 -5 -42 -3.40 
38173848 5 -41 8.41 
38198860 -5 -42 -3.41 
38223896 5 -38 5.40 
38248912 5 -37 2.99 
38273928 -5 -37 -7.24 
38298940 5 -35 5.34 
38323972 5 -39 7.87 
38348992 5 -35 1.25 
38374008 -5 -29 -14.17 
38399032 5 -32 6.63 
38424064 -5 -30 -7.57 
38449080 5 -29 5.96 
38474096 -5 -24 -11.00 
38499108 5 -19 0.07 
38524144 5 -20 1.76 
38549160 5 -19 0.63 
38574180 5 -18 0.03 
38599196 5 -16 -1.29 
38624228 5 -15 -1.02 
38649240 -5 -18 -6.91 
38674252 -5 -16 -5.06 
38699272 -5 -13 -5.20 
38724300 -5 -12 -3.36 
38749320 5 -9 5.53 
38774336 5 -10 4.18 
38799352 -5 -9 -8.46 
38824380 -5 -13 -0.11 
38849396 5 -12 9.19 
38874416 -5 -14 -2.90 
38899428 -5 -15 -0.18 
38924464 -5 -12 -2.79 
38949480 -5 -12 -1.18 
38974504 5 -12 9.62 
38999520 -5 -9 -7.68 
39024548 -5 -6 -6.72 
39049564 -5 -12 2.67 
39074580 5 -6 5.54 
39099600 -5 -4 -8.90 
39124628 -5 -11 2.52 
39149648 5 -15 15.44 
39174664 -5 -14 -2.68 
39199680 5 -13 7.93 
39224708 -5 -12 -6.49 
39249720 5 -14 8.96 
39274740 -5 -12 -6.95 
39299756 -5 -14 -1.26 
39324792 -5 -8 -6.36 
39349804 -5 -8 -3.09 
39374820 -5 -5 -4.46 
39399836 -5 -9 1.77 
39424864 5 -6 8.01 
39449884 -5 -6 -5.67 
39474896 -5 -3 -5.80 
39499916 5 -1 5.04 
39524944 -5 -2 -6.30 
39549964 5 -2 6.76 
39574980 5 -6 7.59 
39599996 -5 -3 -8.88 
39625016 5 -6 8.50 
39650032 5 -3 1.58 
39675052 5 -10 8.03 
39700064 -5 -7 -8.53 
39725084 5 -7 5.79 
39750096 5 -14 10.26 
39775108 5 -14 5.70 
39800128 5 -7 -3.58 
39825144 5 -11 2.57 
39850164 -5 -9 -10.24 
39875180 -5 -6 -8.00 
39900204 -5 -5 -4.97 
39925220 -5 -1 -6.48 
39950236 -5 6 -10.36 
39975248 -5 13 -12.51 
40000260 5 9 7.20 
40025280 5 10 2.48 
40050292 -5 9 -7.91 
40075312 5 10 4.63 
40100328 5 9 3.16 
40125344 -5 7 -6.54 
40150364 -5 9 -5.63 
40175376 5 -3 18.77 
40200396 5 -2 8.62 
40225412 -5 -8 0.52 
40250432 5 -9 11.35 
40275448 5 -14 11.10 
40300464 -5 -18 0.12 
40325480 -5 -24 6.45 
40350492 5 -23 12.79 
40375512 -5 -27 1.24 
40400528 5 -35 19.28 
40425552 5 -37 12.84 
40450564 5 -36 6.68 
40475576 5 -38 6.57 
40500592 -5 -43 -0.43 
40525608 -5 -37 -5.07 
40550632 5 -35 6.42 
40575644 -5 -31 -9.59 
40600664 5 -25 -0.01 
40625680 -5 -24 -10.11 
40650696 5 -19 0.52 
40675712 5 -15 -3.02 
40700724 -5 -17 -8.91 
40725744 5 -14 2.90 
40750760 -5 -12 -9.98 
40775780 5 -14 7.22 
40800792 5 -9 -0.82 
40825808 5 -8 -0.99 
40850824 5 -5 -3.10 
40875840 5 -4 -2.25 
40900860 5 -6 1.14 
40925876 -5 -5 -10.10 
40950896 5 -8 7.95 
40975908 5 -5 1.37 
41000924 -5 -6 -8.02 
41025936 5 -9 9.02 
41050952 5 -15 10.93 
41075972 -5 -9 -9.93 
41100988 -5 -11 -2.85 
41126008 5 -15 12.76 
41151024 -5 -13 -5.02 
41176040 -5 -11 -4.27 
41201052 5 -17 14.04 
41226068 5 -14 4.68 
41251088 -5 -5 -16.09 
41276104 5 -4 0.96 
41301124 -5 -11 -2.25 
41326140 5 -6 4.05 
41351156 -5 -7 -6.64 
41376172 -5 -10 -0.26 
41401188 -5 -13 3.02 
41426208 -5 -10 -1.25 
41451224 5 -12 11.52 
41476244 -5 -15 -0.73 
41501256 5 -16 10.94 
41526276 -5 -13 -6.90 
41551288 5 -20 13.79 
41576304 5 -20 7.64 
41601324 5 -20 4.57 
41626340 5 -22 5.04 
41651364 -5 -22 -6.67 
41676380 -5 -15 -9.83 
41701400 -5 -23 3.39 
41726416 5 -20 9.23 
41751428 5 -15 0.37 
41776448 -5 -16 -8.22 
41801464 -5 -13 -6.78 
41826488 5 -16 9.85 
41851500 -5 -21 0.56 
41876520 -5 -21 0.76 
41901536 -5 -18 -2.14 
41926552 5 -21 12.32 
41951564 5 -20 5.94 
41976580 5 -23 6.72 
42001600 -5 -21 -7.80 
42026612 -5 -23 -1.42 
42051632 -5 -25 1.83 
42076644 5 -28 14.51 
42101656 -5 -19 -10.75 
42126668 5 -25 11.04 
42151680 -5 -23 -5.58 
42176700 -5 -26 0.75 
42201716 5 -20 5.01 
42226736 5 -22 5.25 
42251752 -5 -23 -5.56 
42276764 -5 -22 -3.24 
42301780 -5 -24 0.89 
42326792 5 -22 9.01 
42351812 5 -10 -6.68 
42376828 -5 -15 -7.89 
42401864 5 -20 11.35 
42426880 -5 -18 -5.57 
42451896 5 -12 1.60 
42476908 -5 -14 -6.69 
42501940 -5 -11 -6.07 
42526960 5 -16 12.14 
42551972 5 -17 7.70 
42576992 -5 -16 -6.49 
42602024 -5 -20 1.09 
42627036 -5 -19 -0.01 
42652048 5 -29 20.42 
42677060 5 -23 5.23 
42702096 5 -28 8.45 
42727112 5 -28 5.22 
42752132 -5 -34 -0.40 
42777144 5 -34 10.67 
42802172 -5 -37 -0.50 
42827184 5 -36 9.71 
42852200 5 -35 5.09 
42877220 5 -37 5.74 
42902252 5 -31 -1.87 
42927272 -5 -33 -7.85 
42952288 -5 -32 -4.09 
42977308 -5 -29 -4.23 
43002340 5 -21 0.60 
43027356 5 -20 0.08 
43052380 5 -22 2.79 
43077396 -5 -16 -13.79 
43102432 -5 -18 -4.57 
43127444 -5 -17 -2.89 
43152464 -5 -21 2.91 
43177480 -5 -14 -5.06 
43202512 -5 -13 -3.26 
43227528 5 -17 12.61 
43252540 5 -20 9.96 
43277560 5 -21 6.73 
43302588 5 -13 -3.85 
43327608 5 -22 7.61 
43352620 5 -20 2.62 
43377636 5 -19 1.06 
43402664 5 -20 2.25 
43427680 -5 -24 -4.13 
43452700 -5 -26 0.51 
43477716 5 -23 7.88 
43502752 5 -22 3.78 
43527768 -5 -21 -8.30 
43552792 5 -20 5.33 
43577808 -5 -23 -3.58 
43602836 5 -17 2.75 
43627852 -5 -18 -6.97 
43652868 5 -18 6.91 
43677888 -5 -17 -6.86 
43702920 5 -17 6.93 
43727940 -5 -14 -8.87 
43752956 5 -14 5.83 
43777968 -5 -18 -2.51 
43802996 -5 -13 -5.87 
43828012 5 -18 12.31 
43853032 5 -17 5.84 
43878044 -5 -16 -7.42 
43903080 -5 -13 -6.38 
43928096 5 -18 12.05 
43953112 -5 -20 -1.28 
43978128 -5 -17 -3.19 
44003156 5 -13 4.76 
44028176 5 -10 -0.08 
44053188 5 -16 6.41 
44078208 -5 -22 -0.16 
44103236 -5 -16 -5.57 
44128248 -5 -20 1.54 
44153264 -5 -17 -1.78 
44178280 5 -18 10.47 
44203316 -5 -19 -3.07 
44228332 5 -19 8.88 
44253356 -5 -19 -4.84 
44278368 5 -17 6.00 
44303400 5 -18 4.66 
44328416 -5 -17 -7.98 
44353432 -5 -26 5.37 
44378448 -5 -21 -1.68 
44403476 -5 -20 -1.36 
44428496 -5 -21 0.77 
44453512 5 -23 12.86 
44478532 5 -20 4.27 
44503560 -5 -20 -7.11 
44528572 -5 -25 1.89 
44553588 5 -24 10.55 
44578604 5 -22 4.14 
44603640 -5 -21 -8.12 
44628656 -5 -22 -2.58 
44653676 5 -22 9.22 
44678692 -5 -16 -10.58 
44703736 5 -15 4.04 
44728748 5 -14 1.62 
44753764 -5 -15 -7.62 
44778788 5 -15 6.49 
44803820 5 -7 -4.15 
44828840 5 -5 -3.72 
44853856 5 -4 -2.56 
44878876 5 -4 -1.01 
44903920 -5 3 -17.23 
44928932 -5 -3 -2.86 
44953956 -5 -1 -3.49 
44978968 -5 5 -7.86 
45004016 5 7 3.77 
45029032 -5 0 -1.18 
45054052 5 0 9.26 
45079068 5 1 3.78 
45104112 -5 -6 -0.99 
45129128 -5 -7 0.54 
45154144 5 -8 11.33 
45179164 -5 -9 -2.95 
45204208 -5 -9 -1.35 
45229232 5 -10 10.44 
45254248 -5 -16 1.67 
45279268 -5 -12 -2.83 
45304312 -5 -14 0.79 
45329328 -5 -12 -1.33 
45354344 5 -13 10.54 
45379356 -5 -8 -9.19 
45404404 5 -7 4.50 
45429420 5 -13 8.61 
45454440 -5 -15 -3.16 
45479452 -5 -12 -4.28 
45504496 -5 -10 -3.93 
45529512 5 -17 15.19 
45554528 5 -11 2.25 
45579552 5 -14 4.61 
45604596 -5 -10 -11.13 
45629616 5 -12 6.59 
45654632 -5 -20 1.80 
45679656 5 -16 7.35 
45704700 -5 -15 -6.69 
45729712 -5 -18 -0.05 
45754728 -5 -17 -0.63 
45779744 -5 -13 -3.96 
45804792 5 -13 8.26 
45829808 5 -12 3.67 
45854828 5 -18 8.35 
45879844 -5 -11 -12.14 
45904888 5 -13 6.11 
45929904 -5 -11 -8.40 
45954920 5 -14 8.98 
45979944 5 -17 8.06 
46004988 5 -15 2.69 
46030012 -5 -13 -10.06 
46055024 5 -10 2.21 
46080048 -5 -13 -5.44 
46105076 5 -17 11.52 
46130092 5 -13 2.42 
46155108 -5 -15 -6.25 
46180124 5 -12 4.17 
46205160 5 -14 4.60 
46230176 -5 -16 -5.13 
46255196 5 -18 9.76 
46280212 5 -20 7.57 
46305240 5 -17 1.54 
46330256 -5 -23 -2.57 
46355268 -5 -26 2.25 
46380288 -5 -25 0.76 
46405320 5 -20 5.98 
46430340 5 -29 12.74 
46455352 -5 -26 -5.61 
46480364 -5 -29 0.82 
46505396 5 -36 18.13 
46530412 5 -38 12.30 
46555428 5 -35 4.44 
46580444 5 -30 -1.58 
46605480 5 -36 6.26 
46630496 -5 -33 -8.64 
46655516 5 -28 1.52 
46680528 -5 -23 -13.25 
46705556 5 -19 -0.09 
46730568 -5 -16 -12.32 
46755584 -5 -10 -11.83 
46780604 5 -7 1.23 
46805632 -5 -1 -15.02 
46830652 -5 0 -8.63 
46855664 5 5 0.53 
46880676 -5 -4 -0.73 
46905704 -5 -3 -1.40 
46930716 5 1 5.24 
46955736 5 0 3.74 
46980752 -5 -7 -0.98 
47005788 5 -10 12.57 
47030800 -5 -13 -0.26 
47055816 5 -17 14.11 
47080832 -5 -13 -6.29 
47105864 -5 -17 1.10 
47130888 -5 -26 9.91 
47155904 -5 -18 -2.42 
47180924 5 -16 7.18 
47205952 -5 -22 0.22 
47230968 5 -23 11.62 
47255984 -5 -24 -2.35 
47281000 -5 -25 0.40 
47306036 -5 -28 3.80 
47331052 5 -26 10.59 
47356072 5 -21 1.22 
47381088 5 -26 6.39 
47406124 5 -24 2.13 
47431140 5 -23 0.93 
47456156 -5 -24 -7.69 
47481172 -5 -17 -10.28 
47506204 5 -18 6.22 
47531228 5 -16 1.80 
47556240 5 -10 -4.47 
47581260 5 -7 -4.78 
47606288 -5 -10 -9.03 
47631304 5 -7 2.63 
47656320 -5 -2 -13.32 
47681336 5 -2 3.25 
47706372 5 -3 2.83 
47731388 -5 -11 -0.34 
47756408 -5 -1 -9.99 
47781420 -5 -8 1.88 
47806452 5 -9 12.03 
47831468 5 -10 7.44 
47856484 -5 -7 -8.83 
47881504 5 -11 9.64 
47906532 -5 -16 0.30 
47931556 -5 -20 4.48 
47956572 5 -17 9.69 
47981596 -5 -22 0.51 
48006624 5 -16 4.76 
48031640 -5 -19 -3.99 
48056656 -5 -22 1.43 
48081672 -5 -18 -2.78 
48106708 5 -15 6.00 
48131724 5 -19 7.60 
48156744 5 -24 9.52 
48181760 -5 -20 -8.37 
48206776 5 -21 7.27 
48231792 -5 -25 -1.59 
48256808 -5 -19 -6.19 
48281832 5 -19 7.32 
48306860 5 -18 3.38 
48331880 -5 -15 -10.62 
48356892 -5 -17 -3.01 
48381904 5 -15 6.86 
48406932 5 -11 0.03 
48431948 -5 -12 -8.51 
48456972 5 -8 1.96 
48481984 -5 -10 -6.63 
48507004 5 -13 9.83 
48532016 5 -14 6.46 
48557032 5 -15 4.80 
48582048 5 -15 3.00 
48607064 -5 -15 -7.90 
48632084 -5 -18 -0.65 
48657096 5 -23 15.06 
48682116 5 -21 6.37 
48707128 -5 -22 -5.03 
48732140 -5 -24 -0.01 
48757156 -5 -25 1.57 
48782172 5 -19 5.38 
48807192 5 -22 6.41 
48832208 -5 -22 -5.98 
48857228 -5 -28 3.52 
48882240 5 -24 8.45 
48907252 5 -27 8.09 
48932268 5 -25 3.01 
48957284 -5 -28 -4.60 
48982304 -5 -24 -5.61 
49007320 5 -25 8.77 
49032344 -5 -24 -5.72 
49057356 5 -21 4.71 
49082380 -5 -22 -5.86 
49107392 5 -21 6.58 
49132404 -5 -21 -5.93 
49157428 5 -19 5.51 
49182444 5 -19 3.48 
49207464 -5 -18 -8.54 
49232480 -5 -20 -1.88 
49257500 -5 -24 3.51 
49282516 -5 -25 3.32 
49307532 5 -24 11.26 
49332544 5 -27 9.50 
49357560 -5 -29 -2.29 
49382580 5 -33 13.58 
49407596 -5 -31 -4.07 
49432616 5 -34 11.74 
49457628 -5 -37 0.04 
49482644 5 -35 8.98 
49507660 -5 -36 -3.31 
49532676 -5 -37 0.28 
49557696 5 -35 9.10 
49582712 5 -32 2.75 
49607732 5 -24 -5.52 
49632748 -5 -22 -13.89 
49657764 5 -22 3.57 
49682776 -5 -16 -13.41 
49707792 5 -12 -0.37 
49732812 5 -14 2.32 
49757828 -5 -13 -9.27 
49782848 -5 -7 -10.39 
49807864 5 -7 4.86 
49832880 -5 -12 -2.21 
49857896 -5 -5 -7.89 
49882912 -5 -7 -1.95 
49907932 5 -12 14.09 
49932948 5 -8 3.55 
49957968 5 -9 3.17 
49982984 5 -8 1.00 
50008000 -5 -15 -2.11 
50033016 5 -13 7.25 
50058032 5 -16 7.16 
50083052 -5 -19 -2.79 
50108064 5 -19 9.03 
50133088 5 -26 12.23 
50158104 5 -20 1.05 
50183120 -5 -16 -12.73 
50208136 -5 -29 6.97 
50233152 5 -25 10.20 
50258172 -5 -22 -7.00 
50283188 5 -17 2.01 
50308208 5 -22 6.67 
50333220 5 -16 -1.86 
50358236 5 -12 -4.30 
50383252 -5 -13 -10.64 
50408268 -5 -10 -8.08 
50433292 -5 -6 -7.89 
50458308 -5 1 -10.91 
50483332 -5 10 -14.64 
50508344 5 11 1.23 
50533360 5 9 2.44 
50558376 5 13 -2.90 
50583388 -5 9 -7.69 
50608408 -5 9 -4.27 
50633424 -5 7 -0.55 
50658444 5 2 14.36 
50683456 -5 5 -5.73 
50708472 5 0 11.84 
50733488 5 -3 9.07 
50758500 -5 -7 -1.23 
50783520 -5 -7 -0.55 
50808536 5 -13 15.78 
50833560 -5 -11 -3.57 
50858572 5 -12 9.40 
50883592 5 -15 8.21 
50908608 5 -19 8.70 
50933624 -5 -13 -10.93 
50958640 5 -13 4.78 
50983656 5 -17 6.93 
51008680 5 -15 2.12 
51033696 -5 -17 -6.34 
51058720 5 -19 9.19 
51083752 5 -21 7.32 
51108764 -5 -11 -15.56 
51133776 5 -18 9.40 
51158792 -5 -20 -2.61 
51183828 -5 -20 -0.86 
51208844 5 -19 9.02 
51233864 5 -20 6.23 
51258880 5 -21 4.87 
51283912 -5 -17 -10.79 
51308928 5 -29 16.97 
51333944 5 -25 5.50 
51358964 -5 -24 -7.35 
51383992 -5 -26 -1.10 
51409012 -5 -27 1.08 
51434028 5 -24 8.20 
51459044 5 -24 4.97 
51484072 -5 -21 -9.65 
51509088 5 -26 10.66 
51534100 -5 -23 -6.74 
51559116 -5 -18 -7.83 
51584152 5 -20 8.47 
51609168 -5 -18 -7.01 
51634188 5 -16 4.88 
51659204 -5 -16 -6.93 
51684232 -5 -12 -7.13 
51709244 -5 -18 2.64 
51734260 -5 -12 -4.29 
51759284 -5 -16 2.07 
51784316 -5 -11 -3.64 
51809336 -5 -14 1.36 
51834352 5 -18 14.95 
51859364 5 -11 1.17 
51884392 5 -17 7.06 
51909408 5 -22 9.19 
51934432 -5 -19 -7.59 
51959448 -5 -16 -6.38 
51984484 -5 -23 4.14 
52009500 5 -18 7.61 
52034516 5 -20 6.50 
52059532 5 -17 1.00 
52084564 -5 -17 -8.84 
52109584 -5 -21 -0.06 
52134600 5 -18 7.45 
52159620 -5 -16 -7.59 
52184648 5 -20 10.54 
52209668 5 -15 1.02 
52234684 5 -21 7.11 
52259696 5 -17 0.33 
52284732 -5 -15 -11.17 
52309748 5 -19 8.71 
52334768 5 -21 7.08 
52359784 5 -13 -3.68 
52384820 5 -16 1.70 
52409836 5 -17 2.48 
52434852 5 -12 -3.10 
52459868 5 -11 -2.04 
52484896 5 -8 -3.54 
52509916 -5 -7 -12.38 
52534932 -5 -5 -8.13 
52559952 -5 -3 -6.07 
52584980 5 -5 8.91 
52609996 5 1 -1.25 
52635012 -5 2 -11.50 
52660028 -5 -3 -0.96 
52685060 5 -6 12.46 
52710072 -5 -3 -6.44 
52735092 -5 -9 2.72 
52760104 5 -5 7.48 
52785132 5 -9 8.04 
52810148 5 -16 11.44 
52835160 5 -15 5.35 
52860184 5 -20 8.27 
52885212 5 -26 10.89 
52910236 -5 -26 -3.63 
52935252 5 -25 7.82 
52960276 -5 -23 -7.19 
52985304 -5 -25 -1.06 
53010320 -5 -30 5.07 
53035340 -5 -27 0.29 
53060356 5 -18 1.80 
53085392 5 -22 5.59 
53110404 5 -21 2.61 
53135424 5 -20 1.08 
53160440 5 -23 4.29 
53185472 5 -23 2.99 
53210488 5 -20 -0.67 
53235500 -5 -21 -8.58 
53260520 -5 -17 -7.81 
53285564 -5 -9 -11.55 
53310584 -5 -12 -2.65 
53335596 5 -9 5.88 
53360608 5 -8 2.36 
53385640 5 -6 -0.43 
53410656 -5 -9 -6.88 
53435676 5 -12 9.68 
53460688 5 -7 0.35 
53485740 5 -13 6.53 
53510756 -5 -12 -7.19 
53535776 5 -16 10.61 
53560788 -5 -13 -7.06 
53585832 -5 -11 -5.29 
53610848 -5 -17 3.53 
53635864 5 -14 9.13 
53660884 -5 -15 -3.87 
53685928 -5 -12 -4.63 
53710948 -5 -14 -0.11 
53735964 5 -11 7.22 
53760976 5 -11 4.09 
53786020 -5 -10 -8.48 
53811036 -5 -9 -5.09 
53836056 5 -10 8.58 
53861072 5 -8 2.74 
53886124 5 -1 -5.24 
53911140 5 -8 4.56 
53936160 5 -7 1.67 
53961176 -5 -7 -8.81 
53986220 -5 -1 -10.34 
54011236 -5 -8 1.71 
54036252 5 0 2.94 
54061272 5 4 -2.38 
54086316 -5 1 -8.16 
54111340 5 2 4.74 
54136352 5 3 1.46 
54161368 5 -1 4.79 
54186412 5 3 -1.42 
54211428 5 -1 3.35 
54236448 -5 -4 -5.15 
54261464 5 -4 7.40 
54286516 -5 -2 -8.03 
54311532 5 -4 7.89 
54336552 5 -5 5.22 
54361568 5 -3 0.91 
54386612 5 -6 3.69 
54411628 -5 -6 -7.82 
54436640 -5 -12 2.12 
54461660 -5 -6 -4.73 
54486704 5 -11 12.66 
54511728 -5 -8 -6.19 
54536744 -5 -4 -7.00 
54561760 5 -10 12.47 
54586788 5 -8 4.68 
54611804 5 -10 4.73 
54636824 5 -6 -1.18 
54661840 5 -10 3.74 
54686872 5 -15 7.32 
54711884 5 -18 7.26 
54736904 -5 -20 -3.68 
54761920 -5 -16 -5.39 
54786948 5 -23 14.63 
54811960 -5 -25 0.16 
54836976 -5 -22 -2.32 
54861996 5 -30 17.35 
54887024 5 -24 3.72 
54912044 -5 -26 -5.27 
54937060 5 -32 14.00 
54962076 -5 -26 -7.89 
54987108 -5 -23 -6.32 
55012124 -5 -28 2.38 
55037144 5 -27 10.88 
55062160 5 -29 8.40 
55087196 5 -27 3.22 
55112212 -5 -32 -2.43 
55137228 -5 -37 4.60 
55162240 -5 -42 8.26 
55187268 -5 -34 -2.76 
55212288 5 -32 7.49 
55237304 -5 -39 1.85 
55262324 -5 -35 -2.05 
55287352 -5 -36 0.87 
55312364 -5 -38 3.37 
55337380 5 -40 14.67 
55362396 -5 -32 -9.31 
55387432 -5 -39 3.15 
55412448 -5 -41 4.60 
55437472 5 -44 16.38 
55462484 5 -38 3.66 
55487520 -5 -40 -4.88 
55512536 -5 -41 -0.39 
55537552 -5 -41 0.88 
55562568 -5 -35 -4.48 
55587596 -5 -34 -2.34 
55612616 5 -34 9.70 
55637632 -5 -31 -6.98 
55662652 -5 -32 -1.71 
55687680 -5 -26 -6.04 
55712692 5 -29 10.61 
55737708 5 -31 8.32 
55762724 -5 -25 -10.76 
55787760 5 -24 4.22 
55812776 5 -26 4.98 
55837796 5 -29 6.42 
55862812 5 -21 -3.77 
55887840 5 -24 1.90 
55912852 5 -23 0.82 
55937868 5 -22 0.25 
55962888 5 -21 -0.07 
55987916 -5 -19 -11.25 
56012936 -5 -22 -2.21 
56037952 5 -9 -3.59 
56062968 -5 -14 -6.38 
56088000 5 -13 6.08 
56113016 -5 -8 -11.42 
56138040 -5 -7 -6.62 
56163056 -5 -9 -1.25 
56188092 -5 -5 -4.50 
56213104 5 -4 6.75 
56238124 5 -4 3.64 
56263140 -5 -9 -2.91 
56288168 5 -17 16.67 
56313184 -5 -11 -7.01 
56338200 -5 -14 -0.32 
56363220 -5 -17 3.11 
56388252 -5 -17 1.91 
56413276 -5 -18 2.32 
56438292 -5 -23 6.55 
56463304 5 -18 8.81 
56488336 5 -22 9.10 
56513352 -5 -27 0.36 
56538372 5 -20 3.84 
56563384 5 -24 6.67 
56588420 5 -25 5.20 
56613432 -5 -22 -9.50 
56638448 5 -25 8.76 
56663464 -5 -22 -7.72 
56688496 -5 -19 -6.35 
56713516 5 -17 5.25 
56738532 5 -17 3.28 
56763552 -5 -16 -8.70 
56788584 -5 -11 -9.02 
56813604 -5 -15 -0.33 
56838620 -5 -14 -0.86 
56863632 -5 -9 -5.16 
56888668 5 -9 7.54 
56913684 5 -12 7.19 
56938708 5 -10 2.10 
56963724 5 -11 2.50 
56988756 5 -15 5.73 
57013772 5 -15 3.47 
57038788 -5 -15 -7.67 
57063804 -5 -17 -1.53 
57088832 5 -12 4.59 
57113852 5 -10 0.81 
57138868 -5 -6 -13.15 
57163888 5 -5 2.46 
57188916 -5 -7 -6.47 
57213932 -5 -3 -7.18 
57238944 -5 -3 -3.65 
57263960 -5 -2 -2.88 
57288980 5 -1 7.47 
57313992 5 1 1.91 
57339012 5 0 2.08 
57364028 5 -1 2.19 
57389044 5 -3 3.27 
57414060 -5 -7 -4.12 
57439072 -5 -3 -6.00 
57464096 -5 -3 -3.06 
57489112 5 -9 14.41 
57514132 5 -4 2.62 
57539148 5 -8 5.58 
57564168 5 -7 2.18 
57589184 -5 -4 -11.55 
57614200 -5 -12 2.20 
57639224 -5 -15 4.31 
57664240 -5 -8 -4.55 
57689260 -5 -13 2.82 
57714272 5 -14 12.65 
57739292 -5 -17 -0.11 
57764308 -5 -17 0.31 
57789320 5 -16 9.51 
57814336 -5 -21 0.39 
57839348 5 -22 11.67 
57864368 -5 -17 -8.35 
57889380 -5 -22 1.18 
57914400 -5 -14 -6.90 
57939412 5 -16 8.82 
57964428 5 -13 2.04 
57989444 5 -14 2.56 
58014460 -5 -13 -9.15 
58039484 -5 -12 -5.33 
58064500 -5 -13 -1.46 
58089520 5 -9 5.51 
58114532 -5 -9 -6.82 
58139544 5 -13 10.71 
58164560 -5 -15 -2.11 
58189572 5 -14 8.25 
58214592 -5 -17 -2.31 
58239604 -5 -18 0.21 
58264624 -5 -22 4.49 
58289636 5 -23 13.76 
58314648 -5 -22 -3.28 
58339664 -5 -29 5.87 
58364680 -5 -35 9.65 
58389700 5 -26 6.73 
58414712 5 -27 5.29 
58439736 -5 -34 0.61 
58464748 -5 -35 2.17 
58489764 5 -39 15.99 
58514780 5 -33 3.31 
58539796 5 -37 6.80 
58564816 -5 -40 -2.34 
58589828 -5 -37 -3.12 
58614848 -5 -34 -3.60 
58639864 -5 -34 -0.93 
58664876 5 -32 8.40 
58689892 -5 -34 -2.69 
58714908 -5 -34 -0.47 
58739928 5 -34 10.63 
58764944 -5 -34 -3.51 
58789964 5 -33 8.11 
58814976 5 -36 8.20 
58839988 5 -31 0.33 
58865004 -5 -33 -6.76 
58890020 5 -34 8.46 
58915040 5 -33 4.40 
58940056 5 -30 0.34 
58965080 5 -34 5.22 
58990096 5 -31 0.78 
59015112 5 -30 0.47 
59040124 -5 -30 -8.71 
59065140 -5 -25 -8.61 
59090160 5 -24 5.30 
59115176 5 -19 -1.48 
59140196 5 -21 1.98 
59165208 5 -20 0.77 
59190224 5 -19 0.13 
59215240 5 -10 -8.21 
59240256 5 -15 1.34 
59265280 5 -16 2.27 
59290296 -5 -16 -8.23 
59315316 -5 -14 -5.79 
59340328 5 -9 2.38 
59365344 5 -9 1.61 
59390360 -5 -14 -3.78 
59415376 5 -12 6.38 
59440396 -5 -14 -4.30 
59465412 5 -11 5.12 
59490436 5 -18 10.04 
59515448 -5 -21 -1.29 
59540460 -5 -26 4.84 
59565476 -5 -23 0.05 
59590488 5 -26 13.56 
59615508 -5 -21 -7.29 
59640520 -5 -30 5.84 
59665540 5 -27 10.67 
59690556 5 -32 11.29 
59715572 -5 -25 -10.24 
59740588 5 -27 7.48 
59765604 -5 -30 -2.30 
59790624 5 -31 10.60 
59815640 5 -31 6.38 
59840660 -5 -29 -7.73 
59865676 5 -31 8.85 
59890696 -5 -34 -1.49 
59915708 -5 -27 -6.88 
59940720 -5 -24 -5.78 
59965740 5 -23 6.68 
59990756 5 -16 -2.82 
60015776 5 -15 -1.78 
60040788 5 -15 -0.29 
60065824 5 -15 0.46 
60090836 -5 -13 -11.17 
60115848 -5 -15 -3.35 
60140864 -5 -11 -5.37 
60165892 5 -10 6.49 
60190912 5 -9 2.70 
60215928 5 -14 6.77 
60240948 -5 -14 -6.05 
60265976 -5 -10 -6.75 
60290988 5 -19 15.77 
60316004 5 -17 6.61 
60341020 5 -18 4.96 
60366052 -5 -17 -7.83 
60391068 5 -17 6.45 
60416088 -5 -18 -5.12 
60441100 -5 -18 -2.17 
60466128 -5 -15 -3.69 
60491144 -5 -10 -6.55 
60516160 -5 -8 -5.12 
60541180 -5 -7 -3.47 
60566208 5 -5 6.32 
60591228 -5 -9 -2.54 
60616244 -5 -5 -5.15 
60641260 5 -8 10.43 
60666292 5 -11 8.60 
60691308 -5 -9 -7.22 
60716328 -5 -12 -0.49 
60741344 5 -11 8.97 
60766380 5 -17 10.96 
60791396 -5 -14 -6.86 
60816416 -5 -19 1.84 
60841428 5 -21 13.34 
60866460 -5 -24 0.45 
60891476 5 -24 10.80 
60916492 5 -26 8.27 
60941516 5 -27 6.06 
60966548 5 -28 4.99 
60991568 5 -32 7.49 
61016584 -5 -34 -3.15 
61041600 5 -35 10.30 
61066632 5 -32 3.35 
61091648 -5 -28 -11.22 
61116672 -5 -28 -4.92 
61141684 5 -30 10.23 
61166716 -5 -28 -5.83 
61191728 5 -22 1.77 
61216744 -5 -24 -6.30 
61241756 5 -23 6.42 
61266784 -5 -27 -1.95 
61291808 5 -25 7.68 
61316824 -5 -20 -10.26 
61341844 5 -26 11.32 
61366872 5 -30 10.59 
61391896 5 -37 13.35 
61416908 -5 -34 -5.07 
61441920 -5 -35 -0.66 
61466956 5 -37 12.57 
61491972 -5 -40 0.54 
61516992 -5 -35 -3.68 
61542008 -5 -39 3.06 
61567040 5 -43 16.55 
61592056 5 -45 11.72 
61617068 -5 -42 -5.64 
61642080 -5 -44 0.29 
61667112 -5 -47 4.31 
61692132 5 -42 8.42 
61717148 5 -42 5.62 
61742172 5 -42 4.22 
61767200 -5 -42 -6.48 
61792216 -5 -42 -2.13 
61817232 5 -43 11.04 
61842244 5 -43 6.96 
61867280 -5 -43 -5.08 
61892296 -5 -45 0.60 
61917316 5 -43 9.50 
61942332 5 -47 10.19 
61967368 5 -43 2.66 
61992380 5 -44 3.77 
62017396 5 -46 5.35 
62042416 -5 -45 -6.79 
62067448 5 -45 7.80 
62092468 5 -40 0.40 
62117480 5 -35 -3.45 
62142504 -5 -35 -10.52 
62167532 -5 -38 -1.36 
62192548 -5 -34 -3.69 
62217560 5 -28 3.02 
62242572 -5 -18 -17.50 
62267620 -5 -19 -7.36 
62292636 5 -30 17.74 
62317656 5 -28 7.92 
62342672 5 -27 3.95 
62367704 5 -27 2.94 
62392716 -5 -25 -9.57 
62417732 -5 -25 -4.19 
62442752 -5 -26 -0.49 
62467780 5 -23 7.38 
62492804 -5 -25 -3.47 
62517820 5 -24 7.87 
62542836 -5 -23 -6.20 
62567880 5 -26 10.44 
62592896 5 -27 7.15 
62617916 5 -23 0.54 
62642928 -5 -27 -4.89 
62667980 5 -22 3.21 
62692996 5 -23 3.42 
62718016 5 -20 -0.45 
62743032 -5 -16 -13.48 
62768076 -5 -18 -4.41 
62793092 -5 -19 -0.81 
62818108 -5 -16 -2.99 
62843128 5 -20 12.84 
62868172 5 -17 4.17 
62893192 5 -13 -1.26 
62918204 5 -20 6.91 
62943216 5 -17 1.21 
62968260 -5 -16 -9.74 
62993276 -5 -16 -4.54 
63018292 5 -19 11.06 
63043308 -5 -13 -9.75 
63068360 -5 -13 -4.63 
63093372 5 -6 0.92 
63118392 -5 -9 -6.21 
63143408 5 -8 6.02 
63168452 5 -3 -1.60 
63193468 5 -4 0.44 
63218484 -5 -2 -11.51 
63243504 5 -6 8.15 
63268548 5 -4 2.41 
63293568 -5 5 -17.53 
63318584 5 -3 8.94 
63343600 -5 -9 0.71 
63368644 5 -7 8.47 
63393660 5 -9 6.60 
63418680 -5 -2 -13.28 
63443692 -5 -13 4.27 
63468744 5 -16 15.37 
63493756 -5 -25 7.32 
63518776 -5 -22 1.26 
63543792 5 -27 16.14 
63568836 5 -29 11.03 
63593852 -5 -37 4.53 
63618868 -5 -40 6.23 
63643888 5 -35 9.16 
63668932 5 -36 6.78 
63693952 5 -31 -0.38 
63718964 -5 -33 -7.11 
63743980 5 -33 7.29 
63769008 -5 -28 -10.22 
63794020 5 -25 2.58 
63819040 -5 -24 -8.81 
63844056 -5 -18 -9.83 
63869088 -5 -23 0.47 
63894104 -5 -19 -3.22 
63919124 -5 -12 -8.19 
63944140 5 -19 13.11 
63969172 -5 -16 -5.72 
63994188 -5 -20 1.47 
64019204 5 -17 8.18 
64044224 -5 -20 -2.25 
64069252 5 -18 7.33 
64094272 5 -24 10.35 
64119288 5 -28 10.05 
64144300 -5 -23 -8.99 
64169328 5 -28 11.05 
64194344 -5 -26 -5.49 
64219364 -5 -28 -0.11 
64244380 -5 -24 -3.37 
64269416 5 -22 6.89 
64294428 -5 -16 -11.75 
64319444 -5 -20 -1.54 
64344460 5 -15 4.68 
64369492 -5 -6 -16.06 
64394512 5 -4 -0.00 
64419524 -5 -7 -6.73 
64444544 5 -5 4.69 
64469572 -5 -6 -6.35 
64494588 5 -1 1.85 
64519604 5 -3 3.11 
64544620 -5 -4 -7.21 
64569656 -5 -6 -1.63 
64594672 5 -10 13.21 
64619692 5 -9 6.06 
64644708 5 -8 2.45 
64669744 5 -13 6.61 
64694760 -5 -18 -1.15 
64719772 5 -16 7.81 
64744788 -5 -13 -8.46 
64769816 -5 -14 -2.99 
64794836 -5 -17 1.77 
64819852 5 -20 14.25 
64844872 5 -17 4.87 
64869904 -5 -12 -11.90 
64894920 5 -17 9.26 
64919936 -5 -17 -4.71 
64944952 5 -14 5.00 
64969984 -5 -19 -1.93 
64995000 -5 -19 -0.54 
65020020 5 -14 5.15 
65045032 5 -12 1.14 
65070060 5 -5 -5.92 
65095076 -5 -10 -7.66 
65120092 -5 -6 -7.68 
65145112 -5 -14 4.19 
65170140 -5 -4 -7.63 
65195160 -5 1 -8.85 
65220172 5 -7 13.40 
65245192 5 -9 9.06 
65270220 5 -6 1.95 
65295232 -5 -7 -7.70 
65320256 5 -6 5.21 
65345272 -5 -10 -3.06 
65370308 -5 -11 -0.38 
65395320 -5 -15 3.99 
65420340 5 -20 17.29 
65445352 5 -24 13.40 
65470380 5 -23 6.57 
65495396 5 -33 14.12 
65520412 -5 -39 4.20 
65545432 -5 -43 7.12 
65570464 -5 -40 1.70 
65595484 5 -40 11.90 
65620500 5 -42 9.30 
65645516 5 -43 7.06 
65670544 -5 -42 -6.03 
65695556 -5 -42 -1.90 
65720576 -5 -43 1.16 
65745592 5 -33 1.72 
65770628 5 -31 -0.00 
65795644 -5 -31 -8.92 
65820660 5 -29 4.32 
65845676 5 -27 1.18 
65870704 5 -21 -4.45 
65895724 -5 -20 -12.45 
65920740 -5 -17 -8.77 
65945764 5 -12 0.97 
65970792 -5 -13 -8.00 
65995812 5 -16 9.24 
66020824 5 -11 0.25 
66045840 -5 -14 -6.40 
66070852 -5 -17 0.07 
66095864 -5 -19 2.40 
66120884 -5 -20 2.62 
66145900 5 -21 12.76 
66170936 -5 -29 5.16 
66195948 -5 -25 -0.70 
66220964 -5 -31 6.25 
66245980 5 -32 14.90 
66271012 -5 -26 -7.44 
66296032 -5 -27 -2.09 
66321044 5 -31 13.62 
66346068 -5 -28 -5.11 
66371080 -5 -21 -8.87 
66396096 -5 -22 -2.95 
66421112 -5 -21 -1.97 
66446124 5 -17 5.50 
66471144 -5 -17 -6.59 
66496156 -5 -24 4.06 
66521176 -5 -20 -1.40 
66546192 5 -20 9.75 
66571204 -5 -21 -3.37 
66596216 -5 -27 4.79 
66621232 5 -25 11.06 
66646252 -5 -18 -10.57 
66671264 -5 -18 -4.90 
66696284 -5 -21 0.94 
66721300 -5 -18 -2.05 
66746312 -5 -14 -4.63 
66771324 5 -15 8.95 
66796340 5 -12 2.08 
66821360 5 -6 -4.45 
66846376 -5 -3 -14.90 
66871396 5 -6 5.49 
66896412 -5 -1 -11.92 
66921428 -5 0 -7.08 
66946444 -5 0 -3.69 
66971460 -5 0 -2.00 
66996480 -5 -2 0.85 
67021496 5 5 3.34 
67046516 5 1 5.67 
67071532 -5 -2 -4.05 
67096548 5 -2 7.89 
67121560 -5 -5 -2.85 
67146576 5 -9 12.58 
67171596 -5 -7 -5.29 
67196608 5 -10 10.41 
67221628 -5 -12 -2.34 
67246644 5 -11 8.04 
67271660 5 -14 7.50 
67296676 5 -15 5.32 
67321688 5 -14 2.26 
67346708 5 -13 0.70 
67371724 5 -9 -3.11 
67396744 -5 -13 -7.14 
67421760 5 -1 -5.33 
67446776 -5 -7 -6.48 
67471792 5 -1 0.82 
67496808 5 2 -2.41 
67521828 5 1 -0.12 
67546840 5 2 -0.94 
67571860 5 4 -2.38 
67596872 5 -1 3.84 
67621896 -5 6 -14.90 
67646908 -5 3 -4.78 
67671924 5 -5 15.37 
67696944 -5 -6 -1.01 
67721956 5 -1 4.52 
67746976 5 -5 6.44 
67771988 5 -2 0.52 
67797012 -5 -5 -6.53 
67822028 5 -8 9.74 
67847044 -5 -7 -5.74 
67872064 -5 -8 -1.81 
67897076 5 -4 5.18 
67922096 -5 -4 -7.14 
67947112 5 -11 13.40 
67972136 5 -16 12.18 
67997152 -5 -14 -5.28 
68022164 5 -12 5.63 
68047180 5 -20 11.33 
68072196 -5 -20 -3.59 
68097216 -5 -17 -4.34 
68122228 5 -18 9.19 
68147248 5 -19 6.28 
68172260 5 -21 5.86 
68197276 5 -21 3.71 
68222292 5 -20 1.64 
68247308 5 -27 8.57 
68272328 -5 -19 -12.76 
68297344 5 -25 10.04 
68322364 -5 -27 -2.08 
68347380 -5 -22 -5.38 
68372392 -5 -25 0.82 
68397408 -5 -25 1.01 
68422424 -5 -21 -2.89 
68447444 -5 -18 -3.97 
68472456 5 -16 6.41 
68497476 5 -12 -0.17 
68522492 5 -13 1.43 
68547508 5 -11 -0.75 
68572520 5 -8 -2.89 
68597536 -5 -9 -10.06 
68622556 5 -5 1.09 
68647568 -5 -3 -11.15 
68672588 -5 -4 -4.64 
68697604 5 -2 5.65 
68722620 5 4 -2.96 
68747636 5 -3 5.55 
68772652 5 2 -1.99 
68797672 5 -11 12.10 
68822688 -5 -3 -11.47 
68847724 5 -3 4.20 
68872740 5 -10 9.34 
68897752 5 -12 7.12 
68922768 -5 -15 -2.93 
68947796 5 -18 11.84 
68972816 -5 -16 -5.39 
68997832 5 -17 8.63 
69022852 5 -23 10.98 
69047884 5 -17 0.33 
69072908 -5 -13 -13.18 
69097924 5 -19 9.65 
69122940 -5 -11 -12.45 
69147968 -5 -10 -7.05 
69172984 -5 -11 -2.37 
69198004 -5 -9 -3.01 
69223016 -5 -6 -4.38 
69248052 5 2 -0.16 
69273068 5 4 -1.99 
69298080 -5 5 -11.97 
69323096 5 13 -4.28 
69348128 -5 16 -15.38 
69373148 -5 11 -3.32 
69398164 -5 22 -13.14 
69423184 5 21 3.62 
69448212 5 23 -0.67 
69473228 -5 28 -15.88 
69498244 -5 25 -5.93 
69523260 5 24 7.14 
69548296 5 22 5.00 
69573312 -5 14 -0.01 
69598332 5 1 22.42 
69623348 -5 6 -3.67 
69648376 5 1 12.84 
69673392 5 -11 18.54 
69698404 5 -7 5.75 
69723424 -5 -11 -2.77 
69748456 -5 -13 0.80 
69773476 5 -18 15.64 
69798492 -5 -8 -11.49 
69823516 5 -18 14.34 
69848544 5 -9 -1.14 
69873560 -5 -15 -4.15 
69898572 5 -10 3.23 
69923584 5 -8 0.06 
69948620 5 -9 1.42 
69973636 5 -13 5.13 
69998656 -5 -22 2.11 
70023672 -5 -20 -0.44 
70048700 5 -17 7.23 
70073712 5 -22 9.28 
70098728 5 -23 6.45 
70123752 -5 -25 -3.94 
70148784 -5 -24 -2.37 
70173804 5 -23 8.39 
70198816 -5 -21 -6.97 
70223828 -5 -24 -0.00 
70248856 -5 -17 -6.43 
70273872 5 -14 4.14 