10253476 30 -6 36.00 
10271596 30 -1 14.08 
10296648 30 -2 8.97 
10321660 30 -3 6.44 
10346680 30 -7 8.21 
10371696 30 -4 2.22 
10396748 30 -4 2.13 
10421764 30 -8 6.08 
10446776 30 -2 -1.82 
10471796 30 1 -2.95 
10496840 30 5 -4.60 
10521860 30 6 -2.55 
10546876 30 10 -4.56 
10571896 30 13 -4.68 
10596940 30 28 -16.83 
10621960 30 20 -0.35 
10646976 30 21 -0.88 
10671988 30 25 -4.17 
10697040 30 28 -4.93 
10722052 30 20 5.59 
10747072 30 24 -0.90 
10772084 30 24 -0.27 
10797136 30 23 1.04 
10822152 30 24 -0.27 
10847168 30 22 2.05 
10872184 30 26 -2.74 
10897228 30 15 9.75 
10922248 30 16 4.33 
10947264 30 20 -1.42 
10972284 30 11 8.59 
10997316 30 13 2.87 
11022328 30 13 1.94 
11047344 30 13 1.48 
11072356 30 7 7.25 
11097388 30 11 0.32 
11122400 30 13 -1.27 
11147420 30 17 -4.13 
11172436 30 18 -2.67 
11197468 30 14 3.02 
11222484 30 18 -2.01 
11247500 30 19 -1.64 
11272524 30 18 0.51 
11297552 30 19 -0.39 
11322572 30 27 -7.86 
11347588 30 23 0.16 
11372608 30 28 -4.71 
11397636 30 21 4.70 
11422652 30 26 -2.38 
11447668 30 20 4.93 
11472680 30 23 -0.23 
11497716 30 17 6.09 
11522732 30 24 -3.56 
11547752 30 16 6.40 
11572768 30 11 8.62 
11597796 30 10 5.88 
11622812 30 17 -3.46 
11647824 30 13 2.66 
11672844 30 9 5.84 
11697872 30 8 4.55 
11722892 30 10 0.93 
11747908 30 9 2.07 
11772920 30 12 -1.34 
11797948 30 9 2.87 
11822964 30 11 0.07 
11847984 30 9 2.60 
11873000 30 9 1.93 
11898036 30 1 9.60 
11923052 30 10 -3.33 
11948072 30 4 4.93 
11973088 30 6 1.25 
11998120 30 6 1.34 
12023140 30 13 -5.61 
12048156 30 15 -4.29 
12073176 30 11 2.30 
12098204 30 13 -0.28 
12123224 30 17 -3.63 
12148240 30 16 -0.42 
12173256 30 14 2.21 
12198284 30 7 8.58 
12223296 30 18 -6.02 
12248316 30 16 -0.65 
12273332 30 10 6.10 
12298364 30 4 9.65 
12323380 30 12 -2.40 
12348392 30 7 4.34 
12373408 30 9 0.86 
12398440 30 9 1.06 
12423460 30 11 -0.84 
12448472 30 5 6.15 
12473492 30 5 3.83 
12498520 30 13 -5.34 
12523540 30 12 -1.16 
12548556 30 10 1.96 
12573568 30 9 2.58 
12598604 30 9 1.92 
12623620 30 5 5.59 
12648640 30 5 3.55 
12673656 30 5 2.52 
12698692 30 9 -1.99 
12723704 30 3 5.64 
12748720 30 -6 12.63 
12773736 30 7 -5.61 
12798764 30 6 -1.11 
12823784 30 8 -1.84 
12848800 30 8 -0.26 
12873824 30 6 2.53 
12898852 30 10 -2.01 
12923868 30 14 -4.41 
12948880 30 16 -3.72 
12973892 30 16 -1.44 
12998928 30 19 -3.30 
13023944 30 23 -5.32 
13048968 30 23 -2.45 
13073984 30 20 1.98 
13099020 30 24 -2.71 
13124036 30 25 -2.17 
13149052 30 22 2.06 
13174072 30 23 0.27 
13199100 30 22 1.35 
13224120 30 21 1.91 
13249136 30 19 3.23 
13274156 30 23 -2.06 
13299184 30 19 3.18 
13324200 30 21 -0.08 
13349224 30 13 8.23 
13374240 30 16 1.63 
13399272 30 15 2.23 
13424284 30 17 -0.43 
13449304 30 8 9.17 
13474316 30 15 -1.75 
13499332 30 14 0.57 
13524348 30 18 -3.23 
13549364 30 15 1.74 
13574384 30 17 -0.68 
13599396 30 23 -5.95 
13624416 30 13 7.24 
13649432 30 9 8.13 
13674444 30 18 -4.31 
13699460 30 13 3.21 
13724476 30 9 6.11 
13749496 30 15 -2.31 
13774512 30 13 1.29 
13799532 30 12 2.16 
13824548 30 11 2.62 
13849564 30 14 -1.12 
13874580 30 20 -6.08 
13899596 30 10 7.26 
13924616 30 17 -2.77 
13949632 30 15 1.00 
13974656 30 14 1.95 
13999672 30 20 -4.54 
14024684 30 15 3.03 
14049696 30 24 -7.04 
14074712 30 24 -3.34 
14099732 30 24 -1.49 
14124748 30 27 -3.56 
14149772 30 16 9.31 
14174784 30 23 -1.93 
14199800 30 18 4.25 
14224816 30 14 6.48 
14249832 30 17 0.72 
14274852 30 15 2.75 
14299864 30 11 5.83 
14324884 30 17 -2.52 
14349900 30 12 4.13 
14374920 30 14 0.61 
14399936 30 15 -0.22 
14424948 30 12 3.34 
14449972 30 19 -4.79 
14474984 30 10 6.94 
14500004 30 13 1.07 
14525020 30 11 3.04 
14550040 30 19 -5.91 
14575052 30 14 2.38 
14600064 30 13 2.67 
14625088 30 16 -1.16 
14650100 30 19 -3.16 
14675120 30 15 2.75 
14700136 30 14 2.83 
14725156 30 19 -3.11 
14750172 30 22 -4.22 
14775184 30 14 6.13 
14800204 30 18 -0.46 
14825220 30 18 0.13 
14850240 30 19 -0.57 
14875256 30 23 -3.96 
14900276 30 21 0.23 
14925292 30 15 6.39 
14950308 30 18 0.64 
14975328 30 24 -5.32 
15000340 30 12 9.52 
15025360 30 9 8.30 
15050376 30 10 3.78 
15075396 30 13 -0.51 
15100408 30 9 4.26 
15125420 30 6 5.76 
15150440 30 10 -0.40 
15175456 30 9 1.40 
15200476 30 4 6.33 
15225492 30 7 0.94 
15250512 30 10 -1.84 
15275528 30 14 -4.32 
15300540 30 21 -8.68 
15325556 30 9 7.93 
15350572 30 19 -5.40 
15375592 30 19 -2.37 
15400608 30 27 -8.86 
15425628 30 14 8.66 
15450644 30 23 -4.19 
15475656 30 24 -2.88 
15500668 30 19 3.74 
15525684 30 17 4.20 
15550708 30 24 -4.51 
15575724 30 22 -0.08 
15600744 30 10 12.20 
15625760 30 18 -1.30 
15650772 30 21 -3.29 
15675788 30 22 -2.37 
15700800 30 22 -0.95 
15725820 30 22 -0.23 
15750836 30 13 9.12 
15775856 30 21 -2.93 
15800872 30 15 4.81 
15825888 30 21 -3.15 
15850904 30 13 6.70 
15875916 30 10 6.86 
15900936 30 11 3.03 
15925952 30 16 -2.92 
15950972 30 4 10.96 
15975988 30 5 5.26 
16001004 30 9 -0.62 
16026020 30 6 3.32 
16051036 30 7 1.38 
16076072 30 3 5.38 
16101084 30 -1 7.50 
16126104 30 4 -0.32 
16151120 30 -2 6.62 
16176152 30 -5 7.27 
16201168 30 0 -0.31 
16226184 30 4 -3.26 
16251204 30 0 3.15 
16276236 30 0 2.48 
16301260 30 2 0.14 
16326276 30 4 -1.09 
16351296 30 8 -3.77 
16376324 30 8 -1.22 
16401340 30 7 1.05 
16426360 30 9 -0.79 
16451376 30 7 2.24 
16476412 30 10 -1.19 
16501424 30 10 0.00 
16526444 30 13 -2.40 
16551456 30 15 -2.69 
16576484 30 15 -0.89 
16601500 30 13 2.00 
16626516 30 9 5.51 
16651536 30 8 4.39 
16676568 30 10 0.85 
16701588 30 2 9.03 
16726604 30 6 1.35 
16751628 30 9 -1.60 
16776660 30 1 7.83 
16801676 30 -3 8.78 
16826700 30 3 -0.62 
16851712 30 4 -0.50 
16876748 30 7 -2.47 
16901764 30 11 -4.54 
16926784 30 14 -4.70 
16951796 30 5 7.13 
16976824 30 16 -6.69 
17001840 30 16 -2.92 
17026856 30 13 1.96 
17051880 30 18 -3.51 
17076908 30 14 2.60 
17101928 30 12 3.78 
17126944 30 11 3.43 
17151960 30 9 4.29 
17176996 30 2 9.77 
17202008 30 7 0.73 
17227028 30 10 -1.95 
17252044 30 4 5.63 
17277080 30 2 5.59 
17302092 30 10 -4.36 
17327116 30 8 0.42 
17352132 30 4 4.87 
17377160 30 7 0.21 
17402184 30 9 -1.20 
17427200 30 3 6.03 
17452224 30 5 1.82 
17477252 30 3 3.66 
17502272 30 2 3.64 
17527288 30 5 -0.34 
17552304 30 9 -3.42 
17577340 30 7 0.92 
17602352 30 6 2.15 
17627372 30 13 -5.20 
17652388 30 14 -3.09 
17677424 30 17 -4.07 
17702440 30 16 -0.64 
17727456 30 17 -0.90 
17752472 -30 14 -57.06 
17777516 -30 20 -35.85 
17802528 -30 14 -13.43 
17827544 -30 13 -7.03 
17852564 -30 13 -4.81 
17877592 -30 25 -15.69 
17902612 -30 16 -0.50 
17927628 -30 16 -1.63 
17952644 -30 19 -5.19 
17977676 -30 8 6.93 
18002692 -30 4 6.33 
18027712 -30 9 -2.86 
18052728 -30 -2 8.40 
18077764 -30 -12 13.36 
18102780 -30 -12 6.14 
18127796 -30 -20 10.53 
18152812 -30 -26 10.97 
18177840 -30 -34 13.36 
18202860 -30 -38 10.80 
18227872 -30 -36 3.64 
18252892 -30 -47 13.00 
18277924 -30 -40 0.01 
18302940 -30 -46 6.31 
18327956 -30 -39 -3.37 
18352968 -30 -44 3.59 
18378004 -30 -42 0.21 
18403020 -30 -44 2.47 
18428040 -30 -39 -3.35 
18453052 -30 -44 3.60 
18478104 -30 -43 1.22 
18503116 -30 -46 4.00 
18528132 -30 -45 1.48 
18553152 -30 -44 0.19 
18578196 -30 -43 -0.49 
18603216 -30 -49 6.15 
18628228 -30 -49 3.64 
18653248 -30 -48 1.39 
18678292 -30 -43 -3.76 
18703308 -30 -49 4.51 
18728324 -30 -50 3.82 
18753336 -30 -49 1.51 
18778384 -30 -50 2.33 
18803400 -30 -47 -1.24 
18828420 -30 -50 2.89 
18853436 -30 -48 0.05 
18878488 -30 -45 -2.44 
18903504 -30 -46 0.23 
18928520 -30 -39 -6.40 
18953532 -30 -39 -2.93 
18978576 -30 -40 -0.20 
19003596 -30 -44 4.20 
19028608 -30 -35 -6.48 
19053628 -30 -36 -2.09 
19078672 -30 -37 0.14 
19103688 -30 -36 -0.72 
19128704 -30 -39 2.82 
19153720 -30 -38 0.68 
19178772 -30 -42 4.58 
19203788 -30 -40 0.65 
19228808 -30 -46 6.62 
19253820 -30 -48 5.79 
19278872 -30 -46 1.44 
19303888 -30 -52 7.20 
19328904 -30 -52 4.26 
19353924 -30 -48 -1.21 
19378968 -30 -56 7.93 
19403988 -30 -53 1.75 
19429004 -30 -52 0.56 
19454024 -30 -54 2.94 
19479068 -30 -48 -3.81 
19504080 -30 -44 -5.36 
19529096 -30 -46 -0.26 
19554112 -30 -43 -2.65 
19579164 -30 -40 -3.94 
19604180 -30 -40 -1.67 
19629204 -30 -42 1.47 
19654216 -30 -40 -0.91 
19679252 -30 -37 -3.15 
19704268 -30 -38 -0.37 
19729280 -30 -41 3.06 
19754300 -30 -41 1.86 
19779328 -30 -43 3.26 
19804352 -30 -42 1.02 
19829368 -30 -41 -0.13 
19854388 -30 -43 2.26 
19879416 -30 -46 4.52 
19904432 -30 -48 4.74 
19929448 -30 -47 1.91 
19954464 -30 -47 1.47 
19979500 -30 -48 2.24 
20004512 -30 -48 1.66 
20029532 -30 -49 2.37 
20054548 -30 -45 -2.24 
20079580 -30 -48 2.33 
20104592 -30 -46 -0.30 
20129608 -30 -46 0.33 
20154628 -30 -42 -3.35 
20179656 -30 -40 -3.32 
20204676 -30 -40 -1.36 
20229692 -30 -41 0.62 
20254708 -30 -41 0.64 
20279736 -30 -36 -4.35 
20304748 -30 -41 3.01 
20329768 -30 -38 -1.17 
20354784 -30 -39 0.66 
20379820 -30 -41 2.60 
20404836 -30 -41 1.63 
20429856 -30 -41 1.14 
20454872 -30 -39 -1.10 
20479900 -30 -38 -1.28 
20504916 -30 -45 6.60 
20529932 -30 -35 -6.25 
20554952 -30 -41 3.03 
20579984 -30 -47 7.84 
20605004 -30 -47 4.43 
20630020 -30 -41 -3.27 
20655036 -30 -46 3.69 
20680068 -30 -43 -0.67 
20705084 -30 -44 1.05 
20730104 -30 -44 0.95 
20755120 -30 -45 1.89 
20780152 -30 -45 1.40 
20805164 -30 -43 -0.85 
20830176 -30 -34 -9.04 
20855192 -30 -42 3.60 
20880220 -30 -36 -3.84 
20905240 -30 -35 -2.74 
20930256 -30 -37 0.78 
20955276 -30 -35 -1.40 
20980308 -30 -40 4.45 
21005328 -30 -34 -3.47 
21030340 -30 -37 1.38 
21055352 -30 -42 5.90 
21080388 -30 -39 0.31 
21105404 -30 -34 -4.57 
21130424 -30 -39 2.83 
21155440 -30 -41 3.69 
21180472 -30 -43 4.17 
21205484 -30 -45 4.48 
21230500 -30 -43 0.69 
21255520 -30 -46 3.73 
21280548 -30 -46 2.35 
21305572 -30 -50 5.65 
21330588 -30 -51 4.43 
21355608 -30 -53 4.84 
21380636 -30 -54 4.11 
21405652 -30 -53 1.78 
21430668 -30 -54 2.58 
21455684 -30 -60 8.01 
21480720 -30 -53 -2.10 
21505736 -30 -50 -3.36 
21530756 -30 -53 1.92 
21555772 -30 -49 -2.35 
21580808 -30 -44 -5.60 
21605824 -30 -43 -3.38 
21630840 -30 -46 1.70 
21655860 -30 -41 -3.67 
21680888 -30 -41 -1.51 
21705908 -30 -41 -0.42 
21730924 -30 -39 -1.88 
21755944 -30 -42 2.33 
21780976 -30 -43 2.52 
21805992 -30 -39 -2.35 
21831008 -30 -42 2.10 
21856020 -30 -39 -1.59 
21881056 -30 -38 -1.53 
21906072 -30 -43 4.48 
21931092 -30 -40 -0.37 
21956108 -30 -42 2.11 
21981136 -30 -39 -1.58 
22006152 -30 -41 1.48 
22031168 -30 -42 2.07 
22056192 -30 -42 1.39 
22081224 -30 -41 0.06 
22106244 -30 -46 5.36 
22131260 -30 -40 -2.84 
22156276 -30 -41 -0.12 
22181288 -30 -41 0.27 
22206300 -30 -39 -1.54 
22231320 -30 -36 -3.50 
22256336 -30 -39 1.43 
22281356 -30 -35 -3.01 
22306368 -30 -35 -1.36 
22331384 -30 -35 -0.53 
22356396 -30 -37 1.89 
22381412 -30 -34 -1.85 
22406432 -30 -34 -0.80 
22431448 -30 -40 5.72 
22456468 -30 -38 1.16 
22481484 -30 -38 0.82 
22506504 -30 -36 -1.35 
22531516 -30 -44 7.50 
22556532 -30 -43 3.17 
22581552 -30 -40 -1.02 
22606568 -30 -40 -0.21 
22631588 -30 -35 -4.81 
22656604 -30 -45 7.75 
22681624 -30 -43 2.32 
22706636 -30 -48 6.55 
22731652 -30 -44 -0.18 
22756672 -30 -48 4.33 
22781688 -30 -46 0.70 
22806708 -30 -47 1.83 
22831724 -30 -47 1.43 
22856748 -30 -50 4.22 
22881764 -30 -50 2.71 
22906780 -30 -46 -2.04 
22931796 -30 -46 -0.54 
22956812 -30 -51 5.21 
22981832 -30 -43 -4.77 
23006848 -30 -43 -1.99 
23031868 -30 -48 4.39 
23056884 -30 -35 -10.26 
23081900 -30 -41 1.02 
23106916 -30 -43 2.84 
23131932 -30 -41 -0.19 
23156956 -30 -39 -1.77 
23181968 -30 -39 -0.61 
23206988 -30 -46 6.96 
23232000 -30 -42 -0.04 
23257016 -30 -38 -3.66 
23282032 -30 -36 -3.59 
23307044 -30 -42 4.39 
23332064 -30 -42 2.55 
23357080 -30 -42 1.64 
23382100 -30 -41 0.18 
23407112 -30 -41 0.42 
23432128 -30 -37 -3.46 
23457144 -30 -35 -3.52 
23482160 -30 -38 1.39 
23507180 -30 -38 0.93 
23532196 -30 -37 -0.29 
23557216 -30 -39 2.06 
23582232 -30 -41 3.30 
23607248 -30 -37 -2.02 
23632260 -30 -34 -3.80 
23657276 -30 -35 -0.78 
23682296 -30 -38 2.76 
23707308 -30 -35 -1.38 
23732328 -30 -31 -4.54 
23757344 -30 -35 1.76 
23782360 -30 -32 -1.97 
23807376 -30 -39 6.08 
23832392 -30 -38 2.31 
23857412 -30 -44 7.39 
23882428 -30 -47 7.12 
23907452 -30 -47 4.07 
23932468 -30 -43 -1.46 
23957484 -30 -46 2.66 
23982500 -30 -41 -3.19 
24007516 -30 -42 -0.26 
24032536 -30 -45 3.23 
24057552 -30 -47 4.06 
24082572 -30 -44 -0.46 
24107588 -30 -44 0.19 
24132604 -30 -45 1.52 
24157616 -30 -46 2.21 
24182632 -30 -44 -0.42 
24207656 -30 -45 1.21 
24232672 -30 -39 -4.94 
24257692 -30 -42 0.80 
24282708 -30 -45 3.76 
24307728 -30 -39 -3.67 
24332740 -30 -43 2.43 
24357756 -30 -39 -2.39 
24382776 -30 -41 1.07 
24407792 -30 -40 -0.13 
24432812 -30 -38 -1.77 
24457828 -30 -41 2.36 
24482848 -30 -44 4.51 
24507864 -30 -42 0.67 
24532880 -30 -43 1.70 
24557904 -30 -42 0.24 
24582916 -30 -44 2.48 
24607936 -30 -40 -2.34 
24632952 -30 -40 -0.87 
24657988 -30 -42 1.86 
24683000 -30 -36 -4.71 
24708012 -30 -37 -1.17 
24733028 -30 -40 2.62 
24758060 -30 -38 -0.39 
24783084 -30 -36 -1.95 
24808100 -30 -40 3.20 
24833124 -30 -38 -0.10 
24858152 -30 -39 1.19 
24883164 -30 -42 3.87 
24908180 -30 -41 1.29 
24933196 -30 -41 0.98 
24958232 -30 -42 1.82 
24983244 -30 -41 0.27 
25008264 -30 -36 -4.54 
25033280 -30 -37 -1.09 
25058316 -30 -33 -4.33 
25083328 -30 -33 -2.08 
25108340 -30 -31 -2.95 
25133364 -30 -35 2.56 
25158396 -30 -29 -4.57 
25183416 -30 -31 -0.32 
25208432 -30 -33 1.87 
25233452 -30 -32 0.03 
25258480 30 -35 63.07 
25283492 30 -32 30.49 
25308508 30 -36 21.10 
25333524 30 -42 18.53 
25358560 30 -41 10.43 
25383576 30 -42 8.34 
25408596 30 -48 12.33 
25433608 30 -44 4.51 
25458640 30 -35 -4.53 
25483652 30 -41 5.69 
25508668 30 -31 -5.03 
25533688 30 -23 -8.68 
25558720 30 -22 -3.75 
25583740 30 -18 -4.32 
25608756 30 -8 -10.72 
25633772 30 0 -12.22 
25658800 30 6 -11.21 
25683816 30 13 -11.88 
25708832 30 15 -7.43 
25733848 30 15 -3.27 
25758884 30 25 -11.18 
25783896 30 24 -4.44 
25808916 30 23 -1.04 
25833932 30 20 2.69 
25858964 30 25 -3.36 
25883980 30 24 -0.53 
25908996 30 23 0.92 
25934016 30 22 1.67 
25959048 30 22 1.07 
25984068 30 26 -3.22 
26009084 30 18 6.51 
26034100 30 19 2.61 
26059128 30 24 -3.36 
26084144 30 21 1.50 
26109164 30 27 -4.98 
26134180 30 27 -2.40 
26159216 30 24 1.89 
26184232 30 26 -0.88 
26209248 30 18 7.68 
26234264 30 26 -3.80 
26259296 30 26 -1.78 
26284316 30 24 1.23 
26309332 30 25 -0.20 
26334352 30 35 -9.95 
26359380 30 26 3.87 
26384400 30 26 2.06 
26409412 30 28 -0.85 
26434424 30 31 -3.37 
26459460 30 23 6.29 
26484476 30 28 -1.65 
26509496 30 36 -8.76 
26534512 30 40 -8.56 
26559544 30 43 -7.58 
26584560 30 44 -5.18 
26609576 30 53 -12.01 
26634592 30 49 -2.70 
26659620 30 45 2.08 
26684644 30 43 2.59 
26709656 30 42 1.91 
26734676 30 47 -4.41 
26759704 30 37 7.29 
26784720 30 37 3.43 
26809736 30 30 8.51 
26834748 30 27 7.25 
26859784 30 22 8.72 
26884796 30 19 7.60 
26909816 30 22 1.13 
26934828 30 22 0.80 
26959860 30 18 4.64 
26984872 30 22 -1.32 
27009888 30 27 -5.42 
27034908 30 24 0.38 
27059952 30 30 -5.63 
27084972 30 31 -3.81 
27109984 30 33 -3.94 
27135004 30 30 0.94 
27160048 30 37 -6.53 
27185060 30 36 -2.47 
27210076 30 35 -0.42 
27235092 30 25 9.64 
27260140 30 29 0.97 
27285156 30 27 2.52 
27310176 30 31 -2.65 
27335192 30 22 7.64 
27360236 30 27 -0.94 
27385248 30 33 -6.38 
27410264 30 21 8.72 
27435288 30 24 1.63 
27460332 30 35 -10.00 
27485356 30 27 2.85 
27510368 30 17 11.51 
27535392 30 28 -4.85 
27560436 30 22 3.63 
27585452 30 17 7.06 
27610464 30 19 1.92 
27635480 30 24 -3.71 
27660528 30 28 -5.68 
27685544 30 22 3.22 
27710564 30 28 -4.15 
27735580 30 31 -5.01 
27760624 30 41 -12.54 
27785636 30 39 -4.60 
27810652 30 40 -3.57 
27835672 30 41 -3.08 
27860716 30 41 -1.87 
27885736 30 35 4.73 
27910748 30 39 -1.78 
27935768 30 38 -0.16 
27960812 30 32 5.68 
27985828 30 34 0.78 
28010844 30 35 -0.73 
28035860 30 42 -7.52 
28060912 30 36 1.88 
28085928 30 35 1.76 
28110948 30 42 -6.27 
28135960 30 34 4.51 
28161004 30 39 -2.87 
28186020 30 46 -8.70 
28211036 30 36 5.17 
28236056 30 39 -0.60 
28261100 30 33 5.43 
28286120 30 39 -3.37 
28311136 30 37 0.04 
28336156 30 29 7.81 
28361184 30 35 -2.06 
28386196 30 29 4.82 
28411216 30 28 3.44 
28436232 30 31 -1.22 
28461264 30 32 -1.64 
28486280 30 27 4.12 
28511300 30 25 4.15 
28536312 30 27 0.22 
28561344 30 28 -0.80 
28586360 30 27 0.66 
28611376 30 30 -2.58 
28636400 30 30 -1.29 
28661432 30 30 -0.64 
28686456 30 38 -8.32 
28711472 30 32 1.60 
28736488 30 32 0.74 
28761516 30 36 -3.69 
28786532 30 36 -2.03 
28811552 30 39 -4.19 
28836568 30 38 -1.37 
28861604 30 33 4.08 
28886620 30 32 2.95 
28911640 30 28 5.41 
28936652 30 30 0.77 
28961680 30 27 3.38 
28986700 30 26 2.78 
29011716 30 19 8.51 
29036736 30 24 -0.41 
29061764 30 25 -1.03 
29086784 30 18 6.64 
29111800 30 25 -3.32 
29136816 30 25 -1.51 
29161844 30 26 -1.61 
29186860 30 30 -4.68 
29211880 30 28 -0.34 
29236896 30 26 1.89 
29261932 30 34 -6.94 
29286944 30 33 -2.59 
29311956 30 39 -7.38 
29336972 30 33 2.04 
29362000 30 31 2.93 
29387020 30 35 -2.57 
29412036 30 35 -1.43 
29437056 30 44 -9.87 
29462084 30 36 2.65 
29487100 30 31 6.14 
29512116 30 33 1.04 
29537128 30 35 -1.57 
29562160 30 32 2.07 
29587176 30 27 5.97 
29612196 30 32 -1.92 
29637208 30 30 0.98 
29662244 30 22 8.49 
29687260 30 27 -0.52 
29712272 30 22 4.83 
29737292 30 32 -7.34 
29762320 30 28 0.27 
29787340 30 28 0.19 
29812356 30 27 1.16 
29837380 30 28 -0.33 
29862412 30 35 -7.11 
29887428 30 28 3.30 
29912444 30 33 -3.29 
29937460 30 24 7.26 
29962492 30 29 -1.19 
29987508 30 28 0.44 
30012528 30 25 3.28 
30037540 30 32 -5.21 
30062572 30 29 0.33 
30087584 30 32 -2.80 
30112596 30 26 4.54 
30137616 30 33 -4.61 
30162648 30 29 1.60 
30187668 30 33 -3.17 
30212680 30 31 0.33 
30237692 30 30 1.13 
30262724 30 33 -2.43 
30287736 30 29 2.69 
30312760 30 27 3.38 
30337776 30 36 -7.22 
30362812 30 29 3.21 
30387828 30 24 6.63 
30412848 30 27 0.50 
30437860 30 34 -6.66 
30462892 30 23 7.55 
30487912 30 27 -0.02 
30512928 30 28 -0.92 
30537948 30 34 -6.40 
30562960 30 37 -6.32 
30587980 30 30 3.63 
30612992 30 27 4.82 
30638004 30 30 -0.50 
30663020 30 40 -10.25 
30688036 30 26 8.57 
30713056 30 25 5.41 
30738072 30 23 4.85 
30763108 30 30 -4.36 
30788120 30 23 4.82 
30813136 30 26 -0.38 
30838152 30 30 -4.07 
30863164 30 24 3.96 
30888184 30 40 -13.84 
30913200 30 30 2.78 
30938220 30 27 4.39 
30963236 30 30 -0.71 
30988248 30 32 -2.36 
31013264 30 32 -1.24 
31038280 30 29 2.32 
31063300 30 26 4.19 
31088316 30 23 5.22 
31113336 30 28 -2.18 
31138352 30 25 1.97 
31163368 30 18 8.13 
31188384 30 19 3.43 
31213400 30 16 5.04 
31238420 30 14 4.94 
31263436 30 16 0.95 
31288460 30 14 2.90 
31313472 30 13 2.93 
31338488 30 16 -1.03 
31363504 30 19 -3.09 
31388520 30 18 -0.22 
31413540 30 17 1.25 
31438556 30 25 -6.98 
31463576 30 19 2.66 
31488592 30 25 -4.34 
31513616 30 24 -1.02 
31538632 30 19 4.67 
31563644 30 26 -4.34 
31588664 30 23 0.95 
31613680 30 32 -8.31 
31638700 30 31 -3.22 
31663716 30 24 5.36 
31688736 30 24 2.86 
31713752 30 25 0.61 
31738768 30 23 2.46 
31763784 30 19 5.44 
31788800 30 22 0.05 
31813820 30 20 2.26 
31838832 30 17 4.43 
31863852 30 17 2.61 
31888868 30 19 -0.31 
31913884 30 16 3.18 
31938904 30 17 1.01 
31963916 30 12 5.89 
31988936 30 14 1.49 
32013952 30 17 -1.78 
32038972 30 17 -0.50 
32063988 30 20 -2.86 
32089004 30 15 3.87 
32114020 30 22 -4.61 
32139036 30 25 -5.07 
32164056 30 24 -1.38 
32189072 30 19 4.49 
32214092 30 30 -8.43 
32239108 30 29 -3.21 
32264124 30 13 14.42 
32289140 30 27 -6.28 
32314152 30 26 -2.05 
32339172 30 23 2.10 
32364188 30 21 3.26 
32389208 30 27 -4.10 
32414220 30 28 -2.96 
32439236 30 19 7.58 
32464252 30 21 2.12 
32489268 30 23 -0.67 
32514292 30 17 5.87 
32539304 30 12 8.33 
32564324 30 9 7.70 
32589340 30 9 4.48 
32614352 30 6 5.87 
32639372 30 -1 10.66 
32664384 30 1 4.26 
32689404 30 6 -2.00 
32714420 30 1 4.72 
32739444 30 -1 5.23 
32764456 -30 3 -60.46 
32789472 -30 7 -35.22 
32814484 -30 5 -16.72 
32839496 -30 2 -6.41 
32864516 -30 12 -14.16 
32889532 -30 17 -13.34 
32914552 -30 24 -15.08 
32939568 -30 24 -9.16 
32964580 -30 22 -4.20 
32989596 -30 17 1.34 
33014612 -30 22 -5.74 
33039636 -30 15 2.57 
33064652 -30 3 11.93 
33089672 -30 -7 14.98 
33114688 -30 -12 11.80 
33139704 -30 -22 15.36 
33164720 -30 -23 8.44 
33189736 -30 -31 12.01 
33214748 -30 -36 11.03 
33239764 -30 -37 6.70 
33264784 -30 -37 3.56 
33289800 -30 -39 3.99 
33314812 -30 -33 -3.74 
33339840 -30 -33 -1.78 
33364852 -30 -31 -2.80 
33389872 -30 -35 2.63 
33414888 -30 -35 1.47 
33439924 -30 -29 -5.12 
33464940 -30 -31 -0.59 
33489960 -30 -29 -2.26 
33514976 -30 -28 -2.16 
33540008 -30 -31 1.86 
33565024 -30 -32 1.96 
33590040 -30 -30 -0.96 
33615060 -30 -33 2.52 
33640092 -30 -32 0.35 
33665112 -30 -33 1.23 
33690124 -30 -33 0.71 
33715136 -30 -30 -2.56 
33740164 -30 -32 0.72 
33765176 -30 -36 4.42 
33790196 -30 -37 3.39 
33815212 -30 -36 0.91 
33840244 -30 -37 1.63 
33865260 -30 -32 -3.97 
33890276 -30 -39 5.07 
33915292 -30 -38 1.81 
33940320 -30 -32 -4.86 
33965344 -30 -38 3.63 
33990360 -30 -36 0.06 
34015384 -30 -39 3.21 
34040416 -30 -32 -5.13 
34065436 -30 -31 -3.50 
34090452 -30 -30 -2.72 
34115468 -30 -33 1.64 
34140500 -30 -33 0.91 
34165516 -30 -31 -1.46 
34190536 -30 -33 1.30 
34215552 -30 -30 -2.26 
34240588 -30 -33 1.87 
34265604 -30 -31 -0.97 
34290620 -30 -34 2.54 
34315636 -30 -36 3.39 
34340664 -30 -37 2.88 
34365684 -30 -33 -2.35 
34390700 -30 -32 -2.09 
34415720 -30 -36 3.02 
34440748 -30 -28 -6.31 
34465760 -30 -34 2.78 
34490772 -30 -35 2.51 
34515788 -30 -39 5.41 
34540820 -30 -29 -7.03 
34565836 -30 -31 -1.54 
34590856 -30 -33 1.26 
34615872 -30 -31 -1.28 
34640908 -30 -33 1.39 
34665920 -30 -35 2.78 
34690936 -30 -43 9.54 
34715956 -30 -36 -1.84 
34740984 -30 -43 6.26 
34766004 -30 -40 0.52 
34791020 -30 -41 1.56 
34816040 -30 -37 -2.89 
34841072 -30 -33 -5.23 
34866088 -30 -35 -0.53 
34891104 -30 -33 -2.11 
34916120 -30 -33 -0.97 
34941152 -30 -32 -1.39 
34966168 -30 -30 -2.64 
34991188 -30 -31 -0.32 
35016200 -30 -35 3.87 
35041232 -30 -30 -2.91 
35066248 -30 -33 1.54 
35091264 -30 -36 3.86 
35116284 -30 -30 -3.89 
35141316 -30 -32 0.06 
35166336 -30 -36 4.09 
35191348 -30 -32 -1.78 
35216360 -30 -31 -1.83 
35241392 -30 -33 1.12 
35266408 -30 -32 -0.35 
35291432 -30 -31 -1.12 
35316448 -30 -25 -6.53 
35341484 -30 -32 3.59 
35366500 -30 -38 7.85 
35391520 -30 -32 -1.83 
35416536 -30 -36 3.14 
35441564 -30 -40 5.75 
35466576 -30 -37 0.18 
35491592 -30 -37 0.30 
35516612 -30 -43 6.36 
35541640 -30 -43 3.57 
35566660 -30 -43 2.17 
35591676 -30 -43 1.48 
35616688 -30 -42 0.13 
35641720 -30 -44 2.42 
35666736 -30 -40 -2.37 
35691756 -30 -42 1.12 
35716768 -30 -41 -0.08 
35741804 -30 -40 -0.71 
35766820 -30 -41 0.94 
35791836 -30 -40 -0.20 
35816852 -30 -40 0.20 
35841896 -30 -42 2.40 
35866916 -30 -37 -3.44 
35891932 -30 -39 0.49 
35916956 -30 -46 7.52 
35942000 -30 -41 -0.76 
35967020 -30 -40 -1.05 
35992036 -30 -42 1.77 
36017048 -30 -40 -0.75 
36042100 -30 -30 -10.08 
36067116 -30 -34 -1.04 
36092136 -30 -37 2.60 
36117152 -30 -35 -0.49 
36142200 -30 -40 4.91 
36167212 -30 -38 0.75 
36192228 -30 -35 -2.38 
36217240 -30 -35 -1.04 
36242284 -30 -35 -0.37 
36267304 -30 -39 3.96 
36292320 -30 -36 -0.75 
36317340 -30 -33 -3.19 
36342384 -30 -35 0.49 
36367404 -30 -36 1.40 
36392420 -30 -35 -0.12 
36417432 -30 -35 0.09 
36442484 -30 -32 -2.81 
36467500 -30 -36 2.66 
36492520 -30 -37 2.51 
36517536 -30 -35 -0.54 
36542584 -30 -37 1.88 
36567596 -30 -38 2.15 
36592608 -30 -31 -5.68 
36617624 -30 -34 0.19 
36642668 -30 -35 1.21 
36667688 -30 -34 -0.24 
36692704 -30 -28 -6.00 
36717728 -30 -39 7.94 
36742772 -30 -31 -3.76 
36767792 -30 -33 0.15 
36792804 -30 -37 4.16 
36817820 -30 -35 0.29 
36842864 -30 -33 -1.70 
36867880 -30 -37 3.24 
36892900 -30 -37 1.83 
36917916 -30 -37 1.12 
36942964 -30 -36 -0.23 
36967976 -30 -37 1.07 
36992992 -30 -42 5.74 
37018008 -30 -38 -0.77 
37043040 -30 -43 4.86 
37068060 -30 -39 -1.18 
37093072 -30 -44 4.68 
37118096 -30 -43 1.76 
37143124 -30 -40 -1.73 
37168144 -30 -37 -3.57 
37193156 -30 -45 6.43 
37218172 -30 -34 -7.34 
37243208 -30 -38 0.45 
37268224 -30 -38 0.47 
37293248 -30 -39 1.47 
37318260 -30 -33 -4.99 
37343296 -30 -32 -3.41 
37368312 -30 -38 4.36 
37393328 -30 -31 -4.58 
37418344 -30 -37 3.74 
37443372 -30 -37 2.08 
37468392 -30 -37 1.25 
37493408 -30 -41 4.83 
37518428 -30 -40 1.75 
37543456 -30 -40 1.17 
37568468 -30 -38 -1.11 
37593480 -30 -46 7.68 
37618496 -30 -43 1.32 
37643532 -30 -42 0.05 
37668548 -30 -38 -3.61 
37693568 -30 -39 -0.57 
37718584 -30 -38 -1.01 
37743612 -30 -37 -1.27 
37768628 -30 -38 0.58 
37793644 -30 -33 -4.47 
37818664 -30 -35 -0.15 
37843692 -30 -36 1.08 
37868716 -30 -34 -1.28 
37893728 -30 -37 2.48 
37918752 -30 -37 1.45 
37943780 -30 -33 -3.07 
37968796 -30 -38 3.56 
37993808 -30 -36 0.02 
38018824 -30 -36 0.19 
38043860 -30 -37 1.27 
38068876 -30 -36 -0.15 
38093896 -30 -38 2.10 
38118908 -30 -35 -1.71 
38143940 -30 -35 -0.70 
38168956 -30 -37 1.80 
38193972 -30 -38 2.11 
38218996 -30 -36 -0.71 
38244024 -30 -36 -0.17 
38269044 -30 -38 2.09 
38294056 -30 -33 -3.71 
38319072 -30 -40 5.23 
38344100 -30 -36 -1.08 
38369116 -30 -35 -1.36 
38394136 -30 -33 -2.53 
38419152 -30 -33 -1.18 
38444188 -30 -35 1.50 
38469200 -30 -33 -1.10 
38494220 -30 -31 -2.46 
38519236 -30 -27 -5.20 
38544264 -30 -29 -0.69 
38569288 -30 -31 1.63 
38594304 -30 -33 2.84 
38619324 -30 -26 -5.49 
38644352 -30 -29 0.14 
38669372 -30 -27 -1.96 
38694388 -30 -30 1.93 
38719404 -30 -24 -5.04 
38744432 -30 -30 3.30 
38769448 -30 -25 -3.35 
38794468 -30 -26 -0.82 
38819484 -30 -21 -5.53 
38844520 -30 -26 1.96 
38869532 -30 -26 0.86 
38894548 -30 -22 -3.69 
38919564 -30 -25 0.92 
38944596 -30 -30 5.31 
38969616 -30 -23 -4.35 
38994632 -30 -25 -0.38 
39019652 -30 -31 5.66 
39044680 -30 -24 -4.14 
39069704 -30 -25 -1.25 
39094716 -30 -23 -2.78 
39119732 -30 -24 -0.60 
39144768 -30 -34 9.52 
39169784 -30 -27 -2.12 
39194808 -30 -30 1.85 
39219824 -30 -35 5.93 
39244860 -30 -30 -1.89 
39269872 -30 -32 1.06 
39294884 -30 -32 0.59 
39319896 -30 -34 2.35 
39344924 -30 -37 4.30 
39369944 -30 -36 1.36 
39394960 -30 -30 -5.14 
39419980 -30 -39 6.43 
39445012 -30 -38 2.48 
39470028 -30 -34 -2.52 
39495040 -30 -34 -1.14 
39520052 -30 -35 0.55 
39545072 -30 -32 -2.57 
39570088 -30 -35 1.77 
39595108 -30 -35 1.04 
39620120 -30 -32 -2.33 
39645136 -30 -32 -1.11 
39670152 -30 -35 2.51 
39695168 -30 -38 4.40 
39720188 -30 -36 0.44 
39745204 -30 -36 0.40 
39770224 -30 -33 -2.62 
39795240 -30 -34 -0.22 
39820256 -30 -42 8.01 
39845272 -30 -36 -1.63 
39870288 -30 -39 2.36 
39895308 -30 -32 -5.55 
39920324 -30 -35 0.29 
39945348 -30 -32 -2.71 
39970364 -30 -36 2.71 
39995380 -30 -34 -0.47 
40020396 -30 -27 -7.11 
40045412 -30 -35 4.35 
40070436 -30 -32 -0.67 
40095448 -30 -30 -2.28 
40120472 -30 -34 2.86 
40145484 -30 -30 -2.45 
40170508 -30 -27 -4.22 
40195524 -30 -30 0.80 
40220540 -30 -24 -5.60 
40245560 -30 -24 -2.98 