46007 116 5.56 
46032 118 1.49 
46057 112 0.61 
46082 110 4.66 
46107 108 -0.44 
46132 104 4.56 
46157 102 1.76 
46182 95 5.89 
46208 94 3.26 
46233 90 3.23 
46258 87 5.25 
46283 87 1.57 
46308 81 6.02 
46333 83 2.52 
46358 79 3.25 
46383 75 7.30 
46408 76 1.80 
46433 72 5.33 
46458 74 2.85 
46483 69 4.90 
46509 66 7.32 
46534 63 4.88 
46559 62 5.75 
46584 58 5.90 
46609 58 5.67 
46635 57 3.92 
46660 56 5.81 
46684 52 6.53 
46709 52 6.08 
46734 46 7.81 
46759 54 1.99 
46784 53 1.47 
46809 47 11.29 
46834 43 7.54 
46859 46 4.57 
46884 46 3.49 
46909 45 6.88 
46935 45 4.79 
46960 40 8.82 
46985 43 4.76 
47010 47 1.10 
47035 44 7.00 
47060 47 4.13 
47085 51 0.98 
47110 50 5.21 
47135 52 3.86 
47160 54 2.50 
47185 49 7.80 
47210 51 4.93 
47235 53 1.91 
47260 60 0.32 
47285 57 3.78 
47310 57 6.54 
47335 60 0.70 
47361 66 0.18 
47386 65 2.48 
47411 71 1.18 
47436 74 -1.59 
47461 75 3.19 
47486 77 0.54 
47511 82 -0.63 
47536 83 0.15 
47561 84 2.17 
47586 83 2.02 
47611 89 -1.08 
47636 94 -3.81 
47661 94 1.34 
47686 99 -2.09 
47711 98 0.20 
47736 106 -3.20 
47761 105 -2.00 
47787 114 -3.54 
47812 113 -3.46 
47837 120 -1.70 
47861 123 -7.27 
47886 132 -5.07 
47911 136 -8.04 
47936 129 3.89 
47961 137 -5.79 
47986 144 -9.74 
48011 141 -0.71 
48036 149 -6.99 
48061 150 -6.54 
48087 151 -2.45 
48112 153 -5.87 
48137 147 0.97 
48162 163 -12.25 
48187 154 -3.57 
48212 165 -4.82 
48237 155 -4.79 
48262 159 1.19 
48286 170 -17.94 
48311 162 1.60 
48336 159 -0.57 
48361 160 -4.82 
48386 161 -4.79 
48411 166 -7.61 
48436 161 -2.39 
48461 165 -4.54 
48486 162 -4.97 
48512 163 -2.52 
48537 158 -2.79 
48562 156 0.32 
48587 159 -7.01 
48612 165 -7.86 
48637 147 5.91 
48662 156 -2.87 
48687 155 -9.55 
48711 145 8.17 
48736 155 -9.82 
48761 150 -2.82 
48786 148 1.21 
48812 144 -1.74 
48837 145 -1.38 
48862 139 -0.62 
48887 137 1.88 
48912 141 -6.19 
48937 126 7.32 
48962 128 1.65 
48987 124 -2.17 
49012 132 -3.09 
49037 125 -1.54 
49062 114 11.03 
49087 115 -1.22 
49112 113 0.81 
49137 102 7.73 
49161 106 0.85 
49186 100 1.35 
49211 97 6.16 
49236 95 0.96 
49261 86 8.69 
49286 80 7.40 
49311 81 2.40 
49336 81 1.60 
49361 78 4.80 
49386 73 6.40 
49411 72 4.67 
49436 68 5.29 
49461 64 7.41 
49486 60 6.53 
49511 60 4.98 
49537 56 6.07 
49562 56 5.79 
49587 55 3.86 
49611 47 10.86 
49636 49 5.29 
49661 44 6.75 
49686 39 10.97 
49711 41 4.16 
49736 39 6.43 
49761 39 6.51 
49786 38 5.79 
49811 38 6.41 
49837 36 6.70 
49861 33 8.81 
49886 32 7.05 
49911 29 8.39 
49936 33 4.54 
49961 30 6.57 
49986 31 7.62 
50011 33 3.45 
50036 37 3.96 
50061 29 9.76 
50085 29 9.95 
50110 34 0.95 
50136 35 5.31 
50161 38 3.81 
50186 37 5.74 
50211 38 5.90 
50236 41 3.00 
50262 37 7.90 
50286 39 5.90 
50311 41 2.76 
50336 44 3.88 
50361 46 2.88 
50386 46 5.28 
50411 48 3.68 
50436 51 2.48 
50461 53 2.88 
50486 56 2.35 
50510 63 -1.10 
50535 58 5.55 
50561 58 6.21 
50586 66 -2.61 
50611 70 -0.25 
50636 72 1.50 
50661 76 0.07 
50686 76 1.82 
50711 80 0.65 
50736 87 -3.77 
50761 93 -3.09 
50786 89 2.99 
50811 95 -0.53 
50836 99 -4.31 
50861 104 -1.66 
50886 105 -2.10 
50911 111 -2.60 
50936 114 -4.40 
50961 116 -0.93 
50987 120 -4.08 
51011 121 -1.91 
51036 130 -6.85 
51061 132 -5.43 
51086 134 -1.98 
51111 136 -4.55 
51136 141 -5.10 
51161 145 -6.73 
51186 148 -4.85 
51211 147 -3.17 
51236 150 -4.15 
51261 160 -11.23 
51287 153 -1.01 
51312 162 -6.42 
51337 167 -12.29 
51362 162 0.59 
51387 170 -9.33 
51412 162 -1.78 
51437 169 -5.08 
51462 166 -7.15 
51487 177 -8.04 
51512 168 -4.91 
51536 171 0.16 
51561 176 -13.38 
51586 169 0.98 
51611 174 -7.18 
51636 170 -4.41 
51661 167 -0.39 
51686 174 -10.00 
51712 182 -11.73 
51737 176 -2.97 
51762 169 1.97 
51787 172 -6.51 
51812 168 -3.26 
51837 176 -8.23 
51862 163 0.02 
51887 167 -1.08 
51912 166 -8.88 
51937 176 -7.55 
51961 172 -8.29 
51986 171 0.45 
52012 174 -9.10 
52037 167 0.32 
52062 169 -4.56 
52087 166 -4.16 
52112 176 -9.36 
52137 163 -0.56 
52162 161 3.31 
52187 160 -7.01 
52212 158 0.00 
52237 162 -7.74 
52262 157 -1.11 
52287 160 -4.19 
52312 159 -5.20 
52336 156 -0.24 
52361 156 -3.88 
52386 146 3.10 
52411 152 -4.20 
52436 150 -5.47 
52461 145 2.98 
52486 140 0.01 
52511 138 0.66 
52536 127 4.50 
52561 128 1.40 
52586 124 -1.34 
52611 120 4.36 
52636 120 -1.57 
52661 111 5.71 
52686 108 4.06 
52711 106 0.90 
52737 103 3.18 
52761 92 8.10 
52786 89 6.46 
52811 90 0.11 
52836 90 1.93 
52861 80 8.05 
52886 83 3.30 
52911 80 1.40 
52936 75 8.40 
52961 69 6.40 
52986 67 6.53 
53011 65 4.04 
53037 61 7.21 
53062 59 5.65 
53087 54 7.66 
53112 57 3.69 
53137 48 8.61 
53163 53 4.86 
53187 44 6.58 
53212 41 12.75 
53237 41 3.21 
53262 37 9.73 
53287 35 7.25 
53312 33 7.84 
53337 27 10.38 
53362 26 8.82 
53387 24 7.32 
53412 27 5.92 
53437 30 3.12 
53463 25 9.90 
53488 28 6.00 
53513 23 8.15 
53538 22 10.17 
53563 28 1.62 
53588 25 7.85 
53613 29 5.43 
53638 27 5.85 
53662 27 8.69 
53687 29 4.01 
53712 26 8.67 
53737 29 5.42 
53762 31 3.86 
53787 29 7.96 
53812 36 2.16 
53837 38 2.43 
53862 40 5.31 
53888 44 1.90 
53913 43 5.62 
53938 46 3.89 
53963 48 2.61 
53988 57 -0.81 
54013 59 0.27 
54038 63 2.62 
54063 67 -0.81 
54088 73 -0.39 
54113 74 0.53 
54138 75 3.11 
54163 83 -3.41 
54189 84 0.02 
54214 90 -1.15 
54239 92 -1.98 
54264 94 1.05 
54289 101 -4.57 
54315 110 -6.32 
54340 111 -2.31 
54365 113 -0.43 
54390 119 -5.45 
54415 119 -1.57 
54440 132 -8.82 
54465 132 -5.72 
54490 130 2.21 
54515 142 -10.81 
54540 136 -1.06 
54565 145 -4.76 
54590 160 -17.49 
54616 148 3.09 
54641 157 -5.24 
54666 161 -11.82 
54691 158 0.41 
54716 161 -6.68 
54740 173 -12.38 
54765 168 -4.98 
54790 181 -10.05 
54815 171 -4.77 
54840 167 4.38 
54865 185 -19.85 
54890 173 -0.77 
54915 179 -3.89 
54940 172 -5.94 
54965 181 -5.64 
54990 180 -11.04 
55015 179 -0.64 
55041 179 -7.87 
55066 181 -5.21 
55091 174 -2.83 
55116 187 -10.65 
55141 189 -13.17 
55166 193 -5.75 
55191 182 -2.56 
55216 190 -5.89 
55241 178 -4.07 
55266 185 -3.02 
55291 175 -5.99 
55316 183 -3.34 
55341 176 -8.17 
55366 190 -8.02 
55391 182 -9.32 
55416 189 -2.72 
55441 177 -5.39 
55467 179 0.58 
55492 172 -6.48 
55517 170 2.63 
55542 179 -14.42 
55567 178 -4.92 
55592 170 0.21 
55617 169 -2.14 
55641 165 -3.21 
55665 162 -0.34 
55690 167 -7.76 
55715 169 -7.12 
55740 159 2.21 
55766 165 -5.58 
55791 158 -2.95 
55816 153 3.90 
55841 155 -6.33 
55866 153 -1.78 
55891 152 -2.55 
55916 145 1.43 
55941 143 0.38 
55966 138 0.01 
55991 133 2.92 
