10270168 145 133 12.00 
10295196 145 133 2.39 
10320212 145 133 1.43 
10345228 125 130 -15.67 
10370244 125 134 -6.07 
10395272 125 133 -0.50 
10420292 125 138 -5.84 
10445308 125 137 -0.87 
10470320 145 137 18.72 
10495348 145 135 4.67 
10520364 125 136 -19.54 
10545376 145 133 19.96 
10570388 125 130 -13.82 
10595424 125 130 -1.88 
10620440 145 131 18.32 
10645456 145 127 7.22 
10670468 145 134 -4.50 
10695500 145 131 3.64 
10720516 125 134 -21.25 
10745532 125 136 -5.02 
10770552 145 138 16.40 
10795580 145 149 -8.67 
10820592 145 144 3.73 
10845608 145 149 -4.53 
10870624 125 150 -21.85 
10895652 145 152 13.34 
10920668 145 155 -2.36 
10945680 125 155 -21.23 
10970696 125 155 -5.09 
10995728 145 157 14.52 
11020744 145 159 -1.73 
11045760 125 164 -26.55 
11070772 125 167 -9.51 
11095804 145 163 18.90 
11120816 125 159 -15.87 
11145832 145 168 6.07 
11170852 145 164 2.35 
11195884 145 163 -0.62 
11220900 145 164 -2.82 
11245916 145 156 5.87 
11270932 145 159 -3.47 
11295960 125 153 -15.70 
11320972 145 150 18.69 
11345992 125 143 -11.59 
11371004 145 145 15.09 
11396036 145 150 -3.45 
11421052 125 152 -22.80 
11446068 145 151 16.08 
11471080 125 150 -17.95 
11496112 145 149 16.77 
11521128 145 141 9.32 
11546144 145 145 -2.63 
11571160 125 135 -10.22 
11596192 125 135 -1.97 
11621208 125 131 2.86 
11646220 125 128 2.74 
11671232 125 133 -4.98 
11696268 125 135 -3.24 
11721284 125 135 -1.27 
11746296 145 140 13.93 
11771316 125 138 -16.06 
11796348 125 142 -6.85 
11821364 145 142 17.68 
11846380 125 140 -15.88 
11871396 145 143 13.98 
11896428 145 142 2.65 
11921448 145 151 -8.39 
11946464 125 149 -19.38 
11971476 125 148 -3.26 
11996508 145 147 18.45 
12021524 125 160 -31.30 
12046540 145 157 16.46 
12071556 145 155 2.52 
12096592 145 151 3.32 
12121608 145 155 -4.20 
12146624 125 145 -11.35 
12171640 145 146 15.95 
12196668 125 144 -16.44 
12221680 145 149 11.54 
12246692 145 139 10.83 
12271712 145 153 -12.26 
12296756 125 150 -18.95 
12321772 145 163 2.70 
12346788 145 162 -0.44 
12371800 145 175 -14.66 
12396844 145 172 -1.36 
12421860 145 173 -3.73 
12446876 125 185 -35.07 
12471892 145 186 9.64 
12496940 125 201 -38.01 
12521956 125 203 -13.23 
12546972 145 206 8.05 
12571988 145 210 -9.13 
12597032 125 215 -32.24 
12622044 125 213 -10.01 
12647056 125 221 -17.59 
12672076 125 210 -0.13 
12697120 145 226 -4.28 
12722136 125 231 -33.29 
12747148 125 226 -8.66 
12772164 145 226 9.31 
12797208 145 214 5.09 
12822224 145 220 -12.13 
12847240 125 227 -35.44 
12872256 145 215 18.56 
12897304 125 201 -10.86 
12922320 145 210 2.61 
12947336 145 206 -1.95 
12972348 125 225 -45.00 
12997392 125 206 4.84 
13022408 145 208 10.71 
13047424 145 194 9.09 
13072444 145 199 -8.68 
13097488 145 192 1.05 
13122504 145 185 2.72 
13147520 125 182 -20.41 
13172536 125 179 -4.40 
13197580 145 172 21.50 
13222596 125 177 -25.23 
13247612 125 171 -1.38 
13272628 125 175 -8.39 
13297656 145 170 19.51 
13322672 125 177 -27.22 
13347688 125 169 0.44 
13372700 145 166 19.00 
13397728 125 160 -13.86 
13422744 145 160 15.47 
13447760 125 155 -14.61 
13472780 125 150 0.89 
13497808 125 152 -4.06 
13522824 125 144 5.25 
13547836 145 145 17.98 
13572852 125 148 -20.87 
13597880 125 151 -7.03 
13622896 145 147 21.06 
13647916 145 150 -0.76 
13672932 145 146 3.77 
13697960 125 153 -26.39 
13722972 145 145 22.93 
13747988 145 153 -5.37 
13773004 125 145 -12.99 
13798032 145 152 10.06 
13823056 125 144 -11.35 
13848072 145 148 13.33 
13873084 125 158 -28.62 
13898112 125 149 3.21 
13923128 125 153 -5.71 
13948144 145 157 13.00 
13973156 145 152 5.46 
13998192 125 155 -22.80 
14023208 125 148 2.10 
14048224 125 151 -4.71 
14073236 145 142 26.31 
14098264 145 146 -0.71 
14123280 125 139 -12.81 
14148296 145 146 10.69 
14173312 145 136 11.33 
14198340 125 143 -24.62 
14223356 145 140 19.11 
14248372 125 137 -14.24 
14273384 145 140 14.75 
14298412 125 134 -11.67 
14323428 145 137 15.30 
14348444 125 137 -17.32 
14373460 125 131 3.44 
14398492 125 129 2.11 
14423508 125 125 4.17 
14448524 125 126 -0.23 
14473540 125 121 5.24 
14498568 125 125 -2.72 
14523580 125 124 1.08 
14548596 125 123 1.56 
14573616 145 120 23.71 
14598652 125 124 -18.80 
14623664 125 119 3.57 
14648680 125 117 3.30 
14673696 125 122 -3.53 
14698724 145 121 21.29 
14723740 145 126 -0.15 
14748760 145 122 6.21 
14773776 145 121 4.24 
14798804 145 117 7.14 
14823816 125 118 -17.18 
14848832 145 119 18.31 
14873852 145 118 5.74 
14898880 145 126 -4.42 
14923900 125 122 -14.23 
14948916 145 120 21.20 
14973932 145 123 1.92 
14998964 125 130 -24.31 
15023980 125 130 -2.61 
15048996 125 125 4.57 
15074012 145 123 22.78 
15099040 145 120 7.78 
15124056 145 124 -0.43 
15149076 125 113 -6.65 
15174096 125 117 -3.16 
15199128 145 120 17.79 
15224144 145 117 7.56 
15249160 125 121 -20.16 
15274180 125 113 6.68 
15299208 145 111 24.16 
15324228 125 113 -15.92 
15349240 125 113 -0.11 
15374252 125 112 2.47 
15399284 145 113 20.83 
15424296 145 116 2.54 
15449308 145 112 7.42 
15474320 145 117 -0.70 
15499352 145 111 8.99 
15524368 145 114 1.55 
15549380 145 108 9.50 
15574396 145 114 -1.11 
15599428 125 116 -18.77 
15624448 125 116 -0.72 
15649464 145 114 23.08 
15674484 125 119 -19.36 
15699500 145 114 23.92 
15724516 145 113 6.72 
15749528 145 115 2.10 
15774544 145 120 -1.57 
15799580 125 116 -13.43 
15824592 145 118 17.79 
15849604 125 118 -15.30 
15874620 145 114 23.41 
15899652 145 116 3.65 
15924668 125 120 -20.52 
15949684 145 128 10.68 
15974696 125 121 -10.01 
15999712 145 130 10.63 
16024728 125 128 -15.22 
16049744 125 133 -6.59 
16074764 125 130 1.78 
16099780 125 136 -6.09 
16124796 145 133 21.53 
16149808 145 133 3.57 
16174824 145 133 1.78 
16199844 145 135 -0.40 
16224860 145 132 4.18 
16249880 145 137 -3.07 
16274896 125 140 -22.29 
16299912 145 135 21.51 
16324928 145 137 1.37 
16349944 125 144 -25.85 
16374960 145 136 23.76 
16399972 125 143 -23.51 
16424992 125 146 -6.91 
16450008 125 146 -2.54 
16475024 145 152 11.89 
16500036 145 144 8.73 
16525052 125 157 -31.80 
16550068 125 153 -2.12 
16575084 125 153 -2.75 
16600104 145 150 20.19 
16625116 145 157 -5.24 
16650132 145 161 -5.47 
16675144 145 154 5.11 
16700160 145 155 -1.14 
16725176 145 162 -7.86 
16750192 125 162 -22.23 
16775212 145 158 18.36 
16800228 145 154 4.80 
16825240 145 156 -2.16 
16850252 125 163 -28.06 
16875268 145 157 19.68 
16900284 145 155 3.03 
16925300 125 152 -17.43 
16950320 125 156 -8.16 
16975332 145 152 20.37 
17000348 145 153 0.60 
17025364 145 149 3.53 
17050380 145 153 -3.78 
17075396 125 149 -16.91 
17100408 125 146 -0.81 
17125428 125 144 0.10 
17150444 145 139 23.39 
17175456 125 142 -19.80 
17200472 125 141 -2.40 
17225484 125 133 6.44 
17250500 125 135 -1.88 
17275516 125 134 0.09 
17300536 125 131 2.39 
17325552 125 131 -0.09 
17350564 145 130 20.67 
17375580 125 133 -19.18 
17400592 145 138 12.56 
17425604 125 136 -15.78 
17450616 145 139 14.60 
17475636 125 140 -18.68 
17500648 145 137 19.92 
17525660 145 146 -5.95 
17550676 145 137 8.58 
17575692 145 142 -3.08 
17600708 145 141 1.26 
17625724 145 138 3.79 
17650744 145 143 -3.66 
17675760 145 136 7.10 
17700772 125 135 -17.13 
17725788 145 132 20.56 
17750804 125 134 -18.39 
17775820 145 134 17.53 
17800836 125 139 -21.89 
17825860 125 129 6.69 
17850876 125 133 -3.46 
17875888 125 138 -5.88 
17900904 125 136 0.39 
17925920 125 141 -5.79 
17950936 145 142 17.10 
17975952 125 142 -17.73 
18000968 125 139 -0.19 
18025984 145 141 16.86 
18051000 145 146 -2.65 
18076012 145 144 1.90 
18101024 125 143 -18.44 
18126040 125 149 -9.36 
18151056 125 147 -1.04 
18176076 145 144 20.99 
18201088 145 148 -1.53 
18226104 125 154 -26.18 
18251120 125 150 -1.22 
18276136 145 154 13.68 
18301148 145 146 8.75 
18326160 145 149 -1.95 
18351180 145 142 6.69 
18376192 125 143 -19.76 
18401204 125 146 -6.48 
18426220 145 149 14.55 
18451236 145 148 2.34 
18476252 145 154 -5.78 
18501264 125 148 -15.19 
18526284 145 148 16.49 
18551300 145 151 -1.36 
18576316 145 147 3.55 
18601332 125 150 -22.56 
18626348 125 142 3.55 
18651364 125 138 2.96 
18676380 125 145 -7.70 
18701400 125 143 -0.46 
18726416 145 137 24.46 
18751428 145 142 -1.47 
18776444 125 135 -12.56 
18801460 125 132 1.04 
18826476 145 137 14.70 
18851492 125 132 -12.45 
18876512 145 141 9.35 
18901528 125 134 -11.38 
18926540 125 134 -1.74 
18951552 125 136 -2.77 
18976568 145 139 15.92 
19001584 145 142 -0.52 
19026596 145 136 6.54 
19051616 125 142 -24.16 
19076632 145 138 20.19 
19101648 125 138 -17.00 
19126664 125 139 -3.70 
19151680 125 145 -7.47 
19176712 145 146 16.57 
19201728 145 145 2.85 
19226752 145 145 0.58 
19251768 145 145 0.35 
19276800 145 153 -7.67 
19301816 125 149 -17.27 
19326832 145 146 19.19 
19351848 145 160 -11.89 
19376876 145 157 0.62 
19401888 145 155 1.17 
19426904 145 145 9.42 
19451924 145 159 -12.76 
19476956 145 156 0.64 
19501972 145 156 -0.73 
19526988 145 153 2.14 
19552000 145 147 5.72 
19577028 125 152 -24.33 
19602040 145 147 20.19 
19627060 125 145 -15.88 
19652076 145 141 20.74 
19677104 125 143 -19.23 
19702116 125 139 0.60 
19727132 125 145 -7.02 
19752148 125 143 -0.38 
19777176 145 141 20.49 
19802196 145 145 -1.25 
19827212 145 136 9.18 
19852228 125 135 -16.88 
19877260 125 133 -0.37 
19902276 145 133 19.48 
19927288 125 128 -11.56 
19952300 145 126 20.85 
19977336 125 127 -16.73 
20002352 125 129 -3.57 
20027368 145 125 23.55 
20052384 125 130 -20.36 
20077412 145 124 23.77 
20102424 125 123 -14.24 
20127440 125 121 1.07 
20152456 125 116 5.80 
20177488 125 117 0.77 
20202512 145 114 24.17 
20227532 125 113 -13.22 
20252544 125 112 1.16 
20277572 145 109 24.69 
20302588 125 106 -10.68 
20327608 145 102 25.10 
20352624 145 107 2.05 
20377660 125 105 -13.75 
20402684 145 107 18.88 
20427700 145 102 10.92 
20452720 125 101 -13.38 
20477752 125 100 2.30 
20502772 145 107 15.97 
20527788 125 101 -8.38 
20552808 145 103 19.79 
20577844 145 105 4.39 
20602856 125 107 -17.35 
20627876 125 104 3.29 
20652892 145 111 15.65 
20677928 125 109 -12.83 
20702944 145 113 16.54 
20727964 125 115 -16.94 
20752976 125 114 0.53 
20778012 125 116 -0.63 
20803028 125 118 -0.94 
20828044 125 122 -3.17 
20853056 145 118 24.21 
20878088 125 124 -20.68 
20903104 125 131 -8.75 
20928116 125 129 0.75 
20953140 145 136 12.90 
20978168 125 136 -17.60 
21003180 145 140 13.37 
21028196 145 143 -0.94 
21053212 145 142 1.33 
21078240 145 145 -2.35 
21103256 125 150 -25.01 
21128276 125 148 -2.76 
21153292 125 150 -4.33 
21178320 145 153 14.32 
21203336 145 153 0.87 
21228352 125 150 -17.48 
21253372 145 157 9.01 
21278400 125 153 -16.06 
21303420 145 158 10.85 
21328436 125 152 -13.97 
21353448 145 159 9.17 
21378476 125 162 -23.23 
21403492 125 153 3.25 
21428504 125 156 -5.20 
21453516 145 159 13.66 
21478548 145 163 -3.77 
21503564 145 153 8.09 
21528584 125 156 -22.73 
21553600 125 146 4.91 
21578628 125 151 -6.33 
21603640 145 147 21.05 
21628652 145 146 3.16 
21653664 145 148 -1.52 
21678692 125 141 -13.19 
21703716 125 138 0.35 
21728732 145 140 17.01 
21753744 125 137 -14.54 
21778792 145 137 17.62 
21803808 145 132 7.81 
21828824 125 126 -11.67 
21853840 125 124 0.99 
21878888 145 120 24.46 
21903904 145 124 1.18 
21928920 145 122 4.45 
21953936 145 121 3.97 
21978980 125 117 -12.98 
22003992 145 123 13.74 
22029008 145 123 3.80 
22054028 145 118 7.80 
22079072 125 123 -21.31 
22104092 125 126 -4.69 
22129104 145 126 19.67 
22154120 125 119 -8.91 
22179164 145 126 12.94 
22204180 145 128 1.41 
22229196 125 127 -16.94 
22254212 145 130 15.34 
22279260 145 133 0.25 
22304272 125 131 -16.56 
22329284 145 137 11.98 
22354300 145 138 1.22 
22379344 145 142 -2.96 
22404360 145 146 -3.77 
22429376 125 136 -10.25 
22454392 125 141 -6.89 
22479436 125 142 -3.05 
22504460 125 144 -3.76 
22529476 125 146 -4.03 
22554492 125 148 -4.25 
22579536 125 139 6.53 
22604552 125 148 -9.50 
22629568 125 146 -0.99 
22654584 145 144 20.06 
22679632 125 149 -22.66 
22704644 145 143 21.60 
22729660 125 140 -14.40 
22754676 145 145 12.32 
22779704 145 141 5.47 
22804716 125 133 -10.81 
22829732 145 131 20.37 
22854752 145 133 1.66 
22879780 125 135 -20.41 
22904792 145 128 24.21 
22929808 145 129 3.34 
22954820 145 123 8.16 
22979848 125 122 -15.77 
23004864 125 119 1.95 
23029888 125 120 0.02 
23054904 145 111 29.73 
23079956 145 114 3.57 
23104968 125 118 -20.35 
23129984 145 111 25.88 
23155004 145 112 5.18 
23180032 125 115 -19.00 
23205056 145 120 14.31 
23230068 145 113 11.12 
23255088 145 112 5.49 
23280136 145 111 5.03 
23305148 145 105 10.07 
23330172 125 102 -11.83 
23355184 125 105 -1.71 
23380236 125 101 6.00 
23405252 145 103 21.17 
23430276 125 105 -15.53 
23455292 145 105 20.61 
23480328 145 102 9.21 
23505348 145 100 7.36 
23530364 145 101 4.37 
23555384 125 102 -16.04 
23580412 125 103 -0.16 
23605436 125 103 2.33 
23630456 145 105 20.57 
23655476 145 108 3.18 
23680508 125 114 -21.86 
23705520 125 110 3.05 
23730532 145 108 23.94 
23755544 145 111 3.21 
23780572 145 115 -0.17 
23805588 125 119 -20.91 
23830608 145 113 24.64 
23855620 145 121 -2.23 
23880648 145 117 6.29 
23905660 145 122 -1.47 
23930676 125 128 -23.74 
23955696 125 130 -4.54 
23980728 145 125 24.18 
24005748 125 126 -16.48 
24030764 145 131 13.38 
24055780 145 132 1.85 
24080808 125 134 -20.41 
24105824 125 135 -3.81 
24130840 125 137 -3.25 
24155856 125 134 1.61 
24180892 145 138 15.39 
24205908 125 135 -14.64 
24230928 125 132 0.67 
24255944 145 128 23.50 
24280972 125 126 -13.84 
24305984 125 125 -0.36 
24330996 145 125 20.09 
24356012 125 125 -15.89 
24381040 125 127 -3.47 
24406064 125 126 0.58 
24431080 125 127 -0.92 
24456092 145 121 25.83 
24481120 145 128 -1.92 
24506136 145 131 -1.39 
24531152 125 131 -18.64 
24556164 125 127 1.66 
24581196 145 131 16.08 
24606212 125 128 -13.89 
24631224 125 134 -7.57 
24656240 145 133 19.47 
24681268 125 134 -17.75 
24706288 145 140 11.45 
24731300 125 136 -14.24 
24756324 125 142 -8.40 
24781352 125 137 2.59 
24806364 125 136 0.19 
24831380 145 128 27.05 
24856396 145 133 -0.49 
24881424 125 134 -19.74 
24906440 145 128 23.25 
24931452 145 130 2.13 
24956468 125 123 -11.19 
24981500 125 124 -1.81 
25006516 125 123 1.03 
25031532 145 125 18.41 
25056548 145 126 2.93 
25081576 145 126 2.29 
25106592 125 127 -18.78 
25131608 145 123 22.03 
25156628 125 127 -19.51 
25181644 125 131 -6.04 
25206660 145 140 9.91 
25231676 145 137 4.59 
25256692 145 135 3.36 
25281720 145 140 -3.57 
25306736 145 138 2.24 
25331756 145 134 5.02 
25356772 145 133 2.69 
25381784 145 136 -1.44 
25406800 125 142 -25.15 
25431816 145 141 16.90 
25456832 145 140 3.19 
25481844 145 144 -3.09 
25506864 145 144 -0.11 
25531880 125 149 -24.81 
25556896 145 142 22.24 
25581912 125 146 -21.38 
25606928 145 141 20.88 
25631940 125 144 -20.41 
25656956 145 143 17.18 
25681976 125 141 -15.98 
25706992 125 140 -2.08 
25732004 145 141 17.41 
25757020 125 134 -10.76 
25782036 125 138 -5.86 
25807048 145 142 14.23 
25832060 145 141 2.83 
25857084 125 140 -18.21 
25882100 145 143 13.80 
25907116 125 136 -11.31 
25932128 145 141 12.89 
25957144 145 139 3.79 
25982156 145 139 1.08 
26007172 145 136 3.81 
26032192 125 143 -25.62 
26057208 125 137 1.76 
26082220 145 141 15.09 
26107236 125 138 -14.99 
26132252 125 139 -3.68 
26157268 145 139 18.35 
26182284 145 143 -1.46 
26207304 145 142 1.16 
26232320 145 141 1.52 
26257332 125 135 -13.34 
26282352 145 131 21.78 
26307364 145 133 1.67 
26332376 145 135 -0.54 
26357392 145 128 8.04 
26382412 145 128 2.59 
26407424 125 125 -14.95 
26432440 125 124 -0.39 
26457456 145 124 20.16 
26482468 125 122 -13.80 
26507488 145 122 19.02 
26532504 145 122 4.28 
26557524 145 129 -4.20 
26582540 145 123 7.26 
26607556 145 126 -0.00 
26632568 125 117 -9.03 
26657584 145 118 18.98 
26682600 145 121 1.66 
26707616 125 121 -17.37 
26732636 125 119 0.74 
26757652 125 114 5.75 
26782664 145 116 19.74 
26807680 125 120 -19.08 
26832692 125 120 -1.34 
26857708 145 116 24.44 
26882724 125 119 -17.61 
26907748 145 119 18.91 
26932764 145 109 14.54 
26957780 125 113 -18.91 
26982800 145 109 23.36 
27007812 145 106 8.96 
27032836 145 101 9.82 
27057852 125 102 -15.61 
27082872 145 103 19.77 
27107888 145 99 10.18 
27132904 125 105 -20.38 
27157924 125 102 2.98 
27182940 125 99 5.61 
27207964 145 102 20.17 
27232980 145 102 6.31 
27258004 125 103 -16.08 
27283020 145 101 22.60 
27308040 145 101 6.64 
27333060 145 106 0.04 
27358072 125 107 -17.12 
27383092 125 110 -2.92 
27408104 145 112 19.20 
27433128 145 115 2.19 
27458140 125 121 -22.81 
27483160 145 118 21.12 
27508172 125 127 -24.21 
27533188 125 127 -2.62 
27558204 145 130 16.54 
27583220 145 139 -5.86 
27608236 125 140 -21.00 
27633252 145 141 15.41 
27658272 145 145 -2.06 
27683288 125 151 -26.21 
27708300 125 152 -6.20 
27733316 145 147 21.71 
27758328 125 155 -26.02 
27783344 125 145 4.43 
27808360 125 152 -8.53 
27833384 125 150 -1.52 
27858400 145 150 17.38 
27883412 145 142 9.26 
27908428 125 149 -25.76 
27933444 145 150 14.06 
27958460 125 141 -10.07 
27983476 145 144 14.42 
28008496 145 144 1.56 
28033512 145 139 5.27 
28058528 125 142 -21.86 
28083540 125 136 2.15 
28108556 145 134 21.14 
28133568 125 129 -11.78 
28158580 125 127 0.44 
28183604 145 125 21.87 
28208624 145 119 10.19 
28233640 145 124 -1.39 
28258656 145 128 -2.05 
28283672 145 120 9.49 
28308684 145 122 1.43 
28333696 125 121 -16.57 
28358716 125 122 -2.26 
28383732 145 121 21.08 
28408744 145 124 1.49 
28433756 145 124 2.23 
28458772 125 121 -14.70 
28483792 125 121 -1.08 
28508804 145 124 17.29 
28533828 145 121 6.81 
28558860 145 124 0.05 
28583876 125 124 -17.92 
28608896 145 121 21.30 
28633912 125 121 -15.50 
28658940 145 130 9.83 
28683956 125 125 -12.54 
28708976 145 129 14.73 
28733988 145 132 0.04 
28759016 125 130 -16.72 
28784032 145 131 16.82 
28809048 125 132 -17.95 
28834060 125 134 -4.50 
28859088 145 138 14.64 
28884104 125 139 -18.86 
28909116 125 144 -8.29 
28934132 125 147 -5.72 
28959160 125 139 5.24 
28984172 125 148 -9.87 
29009188 145 146 18.73 
29034200 145 134 13.77 
29059232 145 143 -6.54 
29084248 145 142 0.54 
29109268 125 134 -11.66 
29134284 145 136 15.94 
29159312 125 136 -17.52 
29184328 145 137 16.15 
29209340 145 134 5.40 
29234356 145 141 -5.38 
29259384 125 134 -13.15 
29284408 125 138 -6.22 
29309424 125 136 0.08 
29334440 125 140 -5.09 
29359468 145 143 15.00 
29384480 145 140 4.69 
29409496 145 139 1.96 
29434508 125 141 -21.22 
29459544 125 135 2.29 
29484556 145 136 18.23 
29509568 125 142 -23.29 
29534584 145 141 16.98 
29559616 145 138 5.09 
29584628 125 139 -19.80 
29609644 125 141 -5.37 
29634664 145 141 17.88 
29659696 125 135 -11.82 
29684712 145 143 9.83 
29709728 125 139 -14.82 
29734744 125 131 5.13 
29759776 125 132 -1.08 
29784792 125 128 3.20 
29809808 125 122 6.03 
29834820 125 123 -0.10 
29859856 125 118 5.19 
29884872 125 121 -1.79 
29909884 145 113 28.22 
29934896 145 115 3.99 
29959924 145 111 7.37 
29984936 145 110 5.10 
30009948 145 103 10.97 
30034968 145 104 4.24 
30060000 145 105 3.47 
30085016 145 100 9.29 
30110028 125 108 -22.64 
30135040 125 103 4.39 
30160076 145 107 18.59 
30185088 145 107 5.59 
30210108 145 106 5.29 
30235120 145 106 4.35 
30260148 125 104 -13.75 
30285168 145 106 18.66 
30310184 145 103 8.68 
30335208 145 102 5.97 
30360236 125 105 -18.20 
30385256 125 104 1.10 
30410280 145 105 21.13 
30435296 125 103 -11.99 
30460332 125 109 -5.09 
30485344 145 107 23.00 
30510364 145 104 8.99 
30535380 145 113 -4.12 
30560416 125 110 -14.32 
30585432 145 104 25.97 
30610452 145 111 -0.43 
30635472 125 111 -16.77 
30660504 125 118 -7.38 
30685516 145 114 23.86 
30710532 125 118 -18.64 
30735552 125 120 -3.27 
30760584 125 126 -5.93 
30785608 125 125 0.21 
30810624 125 125 -0.08 
30835636 125 124 0.89 
30860668 125 121 3.09 
30885684 125 118 3.61 
30910696 125 123 -4.04 
30935712 145 126 16.70 
30960748 145 120 9.45 
30985764 125 122 -18.68 
31010780 145 123 17.33 
31035796 145 119 7.81 
31060828 125 122 -19.75 
31085840 125 126 -5.79 
31110856 145 125 20.21 
31135880 125 121 -12.11 
31160924 145 129 11.08 
31185944 145 125 6.58 
31210956 145 128 -0.47 
31235972 145 132 -2.48 
31261016 145 133 -0.08 
31286032 145 135 -0.94 
31311048 145 145 -9.22 
31336060 125 138 -14.04 
31361112 125 142 -6.81 
31386128 145 145 14.52 
31411140 125 152 -25.66 
31436160 125 149 -2.35 
31461204 125 153 -6.72 
31486216 145 151 18.45 
31511232 125 154 -21.86 
31536256 125 159 -10.16 
31561300 125 144 10.52 
31586320 125 146 -2.93 
31611336 125 147 -3.47 
31636352 145 142 22.38 
31661396 145 143 1.44 
31686412 125 143 -19.75 
31711428 125 138 1.15 
31736444 125 137 -0.26 
31761496 145 130 25.70 
31786512 125 132 -18.03 
31811524 145 126 23.41 
31836544 145 120 10.13 
31861588 145 120 3.40 
31886604 125 116 -13.28 
31911620 145 118 17.47 
31936644 125 113 -10.68 
31961696 125 106 7.02 
31986716 125 115 -6.52 
32011732 125 109 6.24 
32036748 145 108 23.11 
32061800 145 111 2.87 
32086816 125 109 -14.45 
32111840 125 108 1.03 
32136856 145 104 25.67 
32161904 125 99 -8.49 
32186920 145 104 16.61 
32211936 125 107 -17.40 
32236956 145 102 24.92 
32262000 125 99 -10.38 
32287020 125 97 3.41 
32312036 145 99 20.98 
32337060 145 96 9.52 
32362088 145 98 3.66 
32387108 145 90 12.88 
32412128 125 94 -17.42 
32437144 145 87 28.17 
32462196 145 89 6.40 
32487208 145 86 9.02 
32512228 125 84 -11.42 
32537244 145 93 13.74 
32562292 145 87 12.34 
32587312 145 91 2.79 
32612328 125 84 -7.56
32637348 145 90 17.11 
32662380 145 90 6.96 
32687396 125 95 -19.06 
32712408 125 93 2.86 
32737428 145 94 22.24 
32762464 145 101 0.06 
32787484 125 101 -15.86 
32812504 125 102 -0.43 
32837520 125 99 5.01 
32862548 145 105 16.85 
32887560 125 106 -15.58 
32912580 145 105 21.09 
32937596 125 103 -12.17 
32962632 145 105 18.72 
32987652 125 102 -11.41 
33012668 125 99 3.89 
33037684 125 98 3.72 
33062716 145 102 18.80 
33087736 145 104 3.89 
33112752 125 106 -17.81 
33137772 145 105 20.84 
33162808 125 101 -10.22 
33187824 145 98 24.09 
33212844 145 103 1.80 
33237856 125 102 -14.93 
33262892 125 103 -0.49 
33287904 125 98 6.85 
33312924 125 100 1.08 
33337948 125 105 -2.70 
33362980 145 106 20.43 
33388000 125 105 -13.38 
33413016 145 108 17.35 
33438036 125 103 -9.89 
33463064 145 101 22.90 
33488084 125 104 -16.65 
33513100 145 107 17.12 
33538120 125 104 -11.83 
33563156 125 102 2.59 
33588172 125 105 -0.77 
33613188 125 102 4.60 
33638200 125 104 0.43 
33663236 125 104 1.81 
33688248 145 96 29.95 
33713268 125 95 -11.47 
33738292 145 95 21.50 
33763320 125 93 -11.22 
33788340 145 86 28.72 
33813356 145 88 6.38 
33838376 125 87 -13.05 
33863404 145 83 26.12 
33888424 125 86 -14.59 
33913444 125 84 4.05 
33938464 145 89 19.11 
33963500 125 91 -14.90 
33988516 125 99 -6.49 
34013532 145 100 20.56 
34038548 145 103 3.14 
34063584 145 109 -1.90 
34088600 145 108 4.00 
34113620 125 112 -20.32 
34138640 145 111 19.87 
34163672 145 112 3.97 
34188684 145 116 -0.72 
34213700 145 118 0.41 
34238716 125 126 -25.68 
34263748 125 125 -2.06 
34288772 125 127 -2.60 
34313788 125 126 0.15 
34338800 145 136 9.52 
34363816 125 148 -30.55 
34388832 125 146 -3.72 
34413844 145 142 21.16 
34438856 145 142 2.03 
34463880 125 146 -23.89 
34488892 145 152 9.15 
34513908 125 148 -16.16 
34538924 145 151 12.72 
34563940 145 157 -5.70 
34588956 125 162 -27.14 
34613968 145 166 9.25 
34638992 125 167 -22.53 
34664008 145 169 11.22 
34689032 145 178 -10.62 
34714048 145 184 -10.69 
34739060 145 184 -5.29 
34764072 145 181 -1.75 
34789088 125 181 -24.09 
34814104 125 195 -22.30 
34839120 145 181 24.50 
34864144 145 187 -7.45 
34889156 125 190 -28.23 
34914172 125 194 -13.58 
34939184 125 186 -0.51 
34964200 125 190 -10.40 
34989216 145 190 12.22 
35014232 145 192 -5.53 
35039252 145 190 -3.50 
35064268 125 178 -13.09 
35089280 125 173 -1.84 
35114296 145 176 11.78 
35139308 125 170 -16.16 
35164324 145 177 6.66 
35189340 125 169 -14.77 
35214364 145 161 21.90 
35239380 145 160 1.35 
35264392 125 158 -19.61 
35289412 145 159 13.52 
35314428 145 160 -1.29 
35339444 125 151 -12.86 
35364460 125 151 -4.11 
35389480 125 156 -8.23 
35414496 145 149 22.87 
35439508 125 148 -17.35 
35464524 125 141 2.75 
35489540 125 148 -8.54 
35514556 125 140 4.63 
35539572 125 143 -4.25 
35564592 145 135 25.56 
35589608 145 128 10.32 
35614624 145 122 8.49 
35639640 125 117 -12.10 
35664656 125 111 5.35 
35689668 145 110 22.69 
35714684 145 109 6.50 
35739704 145 109 3.98 
35764724 125 105 -12.28 
35789740 145 101 24.51 
35814764 125 101 -13.44 
35839780 125 96 5.78 
35864796 145 95 24.20 
35889812 125 98 -15.88 
35914832 125 99 -0.17 
35939848 125 97 4.30 
35964864 125 95 4.94 
35989876 145 96 22.20 
36014888 145 94 8.80 
36039904 125 91 -11.34 
36064920 145 82 30.95 
36089940 125 85 -13.95 
36114960 125 76 11.28 
36139976 145 82 19.69 
36164996 125 80 -10.09 
36190008 125 87 -3.85 
36215032 125 83 7.07 
36240048 125 85 2.56 
36265068 125 86 2.90 
36290092 125 83 6.84 
36315108 125 85 2.52 
36340128 125 81 7.89 
36365144 145 84 21.82 
36390164 145 83 8.89 
36415180 145 80 9.69 
36440200 145 77 10.06 
36465224 145 80 4.39 
36490244 125 79 -12.48 
36515264 145 84 17.94 
36540276 145 83 8.47 
36565296 125 86 -16.39 
36590312 125 90 -2.15 
36615336 125 97 -4.13 
36640356 125 93 5.98 
36665376 145 98 18.38 
36690396 125 99 -14.90 
36715412 125 101 -1.31 
36740432 145 99 23.85 
36765448 125 99 -13.46 
36790468 145 104 15.83 
36815484 145 107 2.24 
36840504 145 106 4.58 
36865524 125 102 -12.09 
36890540 125 106 -3.35 
36915552 145 109 18.13 
36940568 145 108 5.96 
36965588 145 106 5.84 
36990604 125 108 -17.98 
37015624 145 107 20.46 
37040644 145 103 9.38 
37065656 125 107 -19.34 
37090676 145 107 19.41 
37115692 125 109 -16.73 
37140712 125 112 -3.53 
37165728 125 114 -1.51 
37190748 125 109 5.50 
37215764 125 106 4.69 
37240792 125 107 0.91 
37265812 145 114 14.43 
37290824 145 111 7.07 
37315844 125 111 -16.38 
37340872 125 103 7.30 
37365892 145 108 17.45 
37390912 145 111 1.95 
37415924 125 110 -15.90 
37440960 145 113 16.43 
37465972 125 109 -11.65 
37490992 125 111 -2.05 
37516004 125 113 -1.28 
37541032 145 115 18.59 
37566048 125 116 -16.64 
37591068 125 118 -3.24 
37616088 145 116 21.90 
37641116 125 113 -12.41 
37666136 125 119 -6.53 
37691152 145 116 22.47 
37716168 125 122 -21.36 
37741196 145 119 20.69 
37766216 145 113 10.17 
37791236 145 112 4.71 
37816252 125 111 -15.74 
37841284 125 118 -7.67 
37866300 125 115 2.44 
37891316 145 115 20.75 
37916332 145 116 3.56 
37941368 145 120 -1.26 
37966384 125 115 -13.14 
37991400 145 111 23.18 
38016416 125 113 -16.81 
38041448 125 108 4.01 
38066468 125 114 -4.41 
38091484 125 112 2.15 
38116496 125 115 -2.00 
38141528 145 118 17.29 
38166548 125 119 -17.10 
38191568 145 125 12.38 
38216584 125 126 -18.28 
38241612 145 130 13.57 
38266628 145 132 0.34 
38291644 125 136 -23.18 
38316656 145 139 13.09 
38341688 145 147 -6.60 
38366704 145 148 -2.36 
38391716 125 152 -25.03 
38416732 145 152 14.32 
38441764 125 153 -20.76 
38466776 145 155 12.66 
38491788 125 159 -24.22 
38516812 145 161 11.72 
38541840 145 158 2.10 
38566852 145 159 -2.56 
38591868 145 157 -0.13 
38616884 145 150 5.32 
38641912 145 144 5.56 
38666928 125 152 -27.83 
38691952 125 145 1.07 
38716968 125 144 -1.35 
38741996 125 139 2.51 
38767008 145 141 16.39 
38792024 145 139 3.57 
38817036 125 134 -14.52 
38842064 125 128 3.19 
38867080 145 126 21.55 
38892092 125 123 -13.43 
38917108 125 122 -0.61 
38942136 125 125 -3.23 
38967152 125 117 7.21 
38992164 145 117 21.04 
39017176 125 112 -10.59 
39042204 125 109 2.76 
39067224 125 108 2.39 
39092248 145 110 19.45 
39117268 125 102 -7.06 
39142296 125 106 -2.91 
39167316 145 105 22.11 
39192332 125 101 -10.31 
39217352 145 106 15.86 
39242380 125 103 -12.04 
39267400 145 105 18.49 
39292424 125 108 -17.68 
39317440 125 106 1.42 
39342476 125 100 7.53 
39367492 125 104 -1.27 
39392512 125 107 -1.55 
39417524 125 99 9.13 
39442560 145 100 21.99 
39467576 125 96 -9.85 
39492592 125 96 1.38 
39517608 145 91 27.50 
39542636 125 87 -8.42 
39567660 145 87 22.40 
39592672 145 87 7.46 
39617692 125 88 -15.04 
39642740 145 87 22.63 
39667760 145 84 10.47 
39692780 145 85 5.55 
39717792 125 90 -19.05 
39742840 145 91 20.01 
39767852 145 87 10.79 
39792876 145 84 9.26 
39817892 145 96 -5.60 
39842940 145 98 1.72 
39867956 125 96 -13.75 
39892972 125 98 -1.08 
39917992 125 103 -3.01 
39943036 125 105 -0.70 
39968056 125 104 2.33 
39993072 125 107 -1.27 
40018096 145 108 20.07 
40043140 145 109 4.08 
40068160 125 113 -20.62 
40093180 145 118 13.53 
40118196 145 111 10.43 
40143244 125 110 -15.19 
40168260 125 115 -5.63 
40193284 145 114 20.83 
40218296 145 113 5.55 
40243348 125 121 -24.88 
40268364 145 126 12.30 
40293384 145 130 -1.49 
40318396 125 134 -23.27 
40343440 125 136 -5.82 
40368452 145 146 7.72 
40393468 125 147 -20.93 
40418484 145 161 1.13 
40443528 145 152 6.93 
40468548 145 162 -10.60 
40493568 145 157 1.66 
40518580 125 169 -33.62 
40543608 125 168 -7.31 
40568624 145 170 12.42 
40593636 125 184 -35.81 
40618652 145 179 15.00 
40643688 125 184 -27.44 
40668704 145 177 17.85 
40693720 145 191 -15.95 
40718732 125 199 -34.71 
40743760 145 202 5.65 
40768776 125 208 -31.62 
40793788 145 205 11.08 
40818804 145 207 -7.36 
40843832 145 216 -16.40 
40868848 145 205 1.81 
40893864 145 212 -13.27 
40918880 145 225 -21.46 
40943912 125 213 -18.56 
40968928 145 195 26.94 
40993944 145 192 0.27 
41018960 125 200 -33.10 
41043992 145 197 11.80 
41069008 145 195 -2.43 
41094020 125 194 -24.65 
41119036 125 188 -3.75 
41144068 145 187 13.95 
41169080 125 182 -18.20 
41194092 125 184 -9.89 
41219112 145 187 9.74 
41244144 145 176 7.40 
41269160 125 187 -33.74 
41294176 145 184 13.08 
41319192 125 187 -25.96 
41344220 145 185 12.87 
41369232 125 171 -9.07 
41394256 125 169 -3.85 
41419272 125 169 -5.12 
41444300 125 168 -4.25 
41469316 145 177 5.94 
41494332 125 174 -19.94 
41519352 145 169 17.79 
41544384 125 162 -13.96 
41569400 145 160 16.58 
41594412 145 165 -5.18 
41619428 145 157 5.15 
41644456 145 155 0.98 
41669472 125 160 -26.24 
41694492 125 159 -5.44 
41719508 125 159 -4.25 
41744536 145 165 9.87 
41769548 145 155 8.67 
41794568 125 164 -29.46 
41819584 125 164 -7.14 
41844612 145 162 17.10 
41869628 125 160 -18.30 
41894644 125 163 -8.62 
41919660 125 166 -7.94 
41944688 145 158 22.83 
41969712 145 165 -6.31 
41994728 145 165 -2.92 
42019744 125 167 -24.58 
42044772 125 159 1.08 
42069784 125 162 -6.56 
42094796 145 156 21.39 
42119812 125 164 -27.24 
42144848 145 161 16.12 
42169860 125 151 -10.26 
42194876 125 160 -12.88 
42219896 145 156 18.97 
42244924 145 153 3.53 
42269940 125 150 -17.72 
42294956 125 144 1.48 
42319976 125 145 -3.01 
42345004 145 144 18.45 
42370020 145 147 -1.32 
42395032 125 135 -8.60 
42420048 145 132 20.88 
42445080 125 121 -5.89 
42470092 145 117 23.54 
42495112 125 117 -15.14 
42520128 125 113 3.01 
42545164 145 103 31.22 
42570184 145 100 10.01 
42595200 125 96 -10.82 
42620224 125 97 0.51 
42645252 125 97 2.54 
42670272 145 95 24.74 
42695292 145 94 8.14 
42720312 145 84 15.57 
42745348 145 88 3.30 
42770364 125 83 -9.33 
42795388 145 78 27.92 
42820404 125 78 -10.89 
42845440 145 83 18.25 
42870456 145 82 8.64 
42895480 145 81 7.77 
42920500 145 78 9.78 
42945532 125 80 -14.73 
42970556 125 72 10.64 
42995568 125 67 10.96 
43020588 145 67 26.48 
43045620 145 71 6.01 
43070640 145 60 18.56 
43095660 125 61 -11.10 
43120680 125 58 7.84 
43145716 125 56 9.03 
43170728 125 66 -2.66 
43195748 125 64 7.17 
43220760 125 69 1.35 
43245796 145 66 28.27 
43270808 145 71 5.23 
43295828 145 75 3.42 
43320848 145 70 11.84 
43345876 145 73 5.17 
43370896 145 75 5.20 
43395912 145 82 -0.00 
43420936 145 81 6.78 
43445964 125 84 -16.45 
43470984 125 88 -2.06 
43496004 145 95 15.98 
43521020 145 96 5.07 
43546036 125 101 -20.12 
43571048 145 98 22.88 
43596068 125 98 -13.55 
43621080 145 96 22.83 
43646116 125 99 -16.36 
43671132 145 103 16.44 
43696152 125 104 -15.70 
43721172 145 113 11.01 
43746200 125 111 -14.24 
43771212 145 119 11.45 
43796224 125 117 -14.79 
43821240 125 133 -17.20 
43846252 145 132 17.98 
43871276 145 134 0.57 
43896288 125 141 -26.36 
43921304 125 146 -9.73 
43946320 145 149 13.44 
43971336 125 149 -19.56 
43996352 125 154 -9.84 
44021368 145 165 4.64 
44046392 145 174 -11.02 
44071408 145 173 -3.47 
44096424 125 177 -27.61 
44121440 125 168 0.60 
44146456 125 166 -2.68 
44171472 125 177 -15.81 
44196488 145 170 19.80 
44221508 125 182 -32.97 
44246520 145 179 13.59 
44271532 125 184 -27.47 
44296548 145 183 11.96 
44321564 145 188 -8.02 
44346580 125 183 -20.51 
44371592 125 187 -12.23 
44396612 125 192 -12.80 
44421628 125 182 1.66 
44446644 125 187 -10.90 
44471656 145 179 20.36 
44496672 145 175 2.26 
44521688 125 173 -21.15 
44546700 125 175 -9.27 
44571720 145 162 26.73 
44596736 145 160 2.60 
44621752 125 161 -22.61 
44646768 125 161 -6.21 
44671780 145 160 16.43 
44696796 125 158 -18.22 
44721812 145 157 15.53 
44746836 145 160 -3.01 
44771852 125 153 -15.16 
44796868 145 157 11.34 
44821884 145 161 -4.42 
44846900 145 153 5.61 
44871912 145 164 -11.60 
44896928 145 159 1.60 
44921952 125 158 -20.59 
44946964 125 154 -1.68 
44971980 125 156 -5.39 
44996992 125 156 -3.96 
