10261844 160 135 25.00 
10285380 160 135 4.97 
10310396 160 132 5.97 
10335432 160 131 4.36 
10360448 160 135 -0.70 
10385468 160 135 2.39 
10410484 160 133 4.70 
10435516 160 132 4.13 
10460532 160 136 -0.83 
10485544 160 134 4.27 
10510556 160 136 0.98 
10535584 160 139 -0.55 
10560604 160 141 -0.00 
10585616 160 145 -2.15 
10610628 160 141 5.24 
10635656 160 143 0.37 
10660668 160 149 -4.32 
10685684 160 146 3.62 
10710700 160 146 1.71 
10735736 160 148 -0.48 
10760752 160 147 2.10 
10785764 160 150 -1.55 
10810780 160 155 -4.21 
10835808 160 151 4.03 
10860824 160 154 -1.75 
10885840 160 153 1.37 
10910860 160 156 -2.22 
10935888 160 157 -0.87 
10960908 160 158 -0.84 
10985920 160 158 0.07 
11010932 160 160 -1.84 
11035960 160 158 1.77 
11060976 160 161 -2.67 
11086000 160 161 -0.41 
11111012 160 163 -2.19 
11136048 160 167 -4.56 
11161064 160 169 -3.20 
11186076 160 175 -7.26 
11211092 160 176 -3.26 
11236124 160 178 -3.95 
11261140 160 177 -1.22 
11286156 160 183 -7.85 
11311176 160 184 -4.10 
11336208 160 182 -0.82 
11361220 160 177 2.71 
11386232 160 187 -11.44 
11411248 160 187 -3.85 
11436280 160 192 -8.08 
11461296 160 193 -5.00 
11486316 160 195 -5.79 
11511332 160 196 -5.06 
11536360 160 200 -8.08 
11561372 160 192 3.22 
11586388 160 190 -0.85 
11611404 160 189 -2.06 
11636432 160 199 -13.08 
11661448 160 189 4.83 
11686464 160 194 -7.38 
11711480 160 196 -6.10 
11736524 160 190 1.84 
11761540 160 197 -9.77 
11786556 160 192 0.38 
11811572 160 195 -6.11 
11836620 160 191 -0.05 
11861636 160 186 1.95 
11886656 160 185 -1.35 
11911672 160 181 1.42 
11936716 160 184 -4.90 
11961732 160 173 8.17 
11986748 160 180 -7.43 
12011764 160 185 -7.68 
12036808 160 175 6.80 
12061832 160 185 -10.76 
12086848 160 179 2.50 
12111864 160 176 1.42 
12136904 160 172 2.61 
12161920 160 183 -11.87 
12186936 160 174 5.59 
12211952 160 178 -4.77 
12237004 160 182 -6.20 
12262020 160 180 -0.74 
12287040 160 183 -4.99 
12312056 160 182 -1.71 
12337100 160 186 -6.28 
12362116 160 181 1.87 
12387132 160 183 -3.82 
12412148 160 180 0.41 
12437192 160 183 -4.86 
12462216 160 185 -4.69 
12487232 160 177 5.14 
12512248 160 189 -13.09 
12537292 160 199 -14.10 
12562308 160 194 -0.18 
12587320 160 197 -6.29 
12612336 160 184 8.80 
12637384 160 189 -6.40 
12662396 160 196 -10.41 
12687420 160 202 -10.50 
12712436 160 189 7.90 
12737480 160 191 -3.97 
12762496 100 200 -72.35 
12787512 100 203 -20.02 
12812528 100 193 -2.07 
12837556 100 186 -2.28 
12862576 100 196 -18.60 
12887592 100 194 -9.21 
12912604 100 183 0.93 
12937632 100 185 -9.95 
12962644 100 179 -3.23 
12987660 100 191 -19.96 
13012672 100 183 -2.81 
13037708 100 176 -1.29 
13062724 100 168 0.56 
13087736 100 165 -3.46 
13112752 100 163 -4.56 
13137780 100 157 -0.46 
13162792 100 154 -2.45 
13187804 100 150 -1.35 
13212828 100 146 -0.84 
13237860 100 142 -0.38 
13262884 100 144 -5.94 
13287900 100 131 8.31 
13312916 100 131 -1.97 
13337944 100 125 3.00 
13362960 100 122 1.10 
13387980 100 114 6.20 
13412996 100 114 -0.49 
13438028 100 110 2.84 
13463052 100 101 8.57 
13488064 100 99 3.04 
13513076 100 94 5.68 
13538104 100 93 2.44 
13563124 100 92 2.21 
13588140 100 89 4.29 
13613160 100 85 5.79 
13638208 100 84 3.34 
13663224 100 75 11.19 
13688248 100 82 -3.14 
13713264 100 75 8.74 
13738300 100 67 11.61 
13763316 100 66 5.69 
13788336 100 62 8.19 
13813356 100 57 9.84 
13838392 100 53 9.49 
13863404 100 57 1.85 
13888420 100 49 12.68 
13913440 100 55 0.55 
13938468 100 58 1.74 
13963492 100 53 9.56 
13988508 100 55 3.83 
14013528 100 62 -1.94 
14038556 100 57 8.78 
14063572 100 60 2.34 
14088588 100 57 7.40 
14113604 100 58 4.20 
14138636 100 62 0.77 
14163652 100 55 11.03 
14188672 100 59 1.75 
14213692 100 61 2.42 
14238728 100 53 12.28 
14263748 100 51 8.06 
14288760 100 59 -2.17 
14313784 100 62 1.01 
14338816 100 64 2.02 
14363836 100 67 0.92 
14388856 100 76 -5.49 
14413876 100 76 1.98 
14438912 100 81 -2.28 
14463928 100 86 -3.20 
14488948 100 86 1.21 
14513964 100 91 -3.35 
14539000 100 86 5.70 
14564020 100 90 -1.91 
14589040 100 93 -2.06 
14614056 100 93 0.62 
14639084 100 95 -1.11 
14664104 100 93 2.52 
14689120 100 100 -5.92 
14714140 100 97 2.54 
14739168 100 103 -5.32 
14764192 100 101 1.30 
14789212 100 105 -3.84 
14814232 100 107 -2.75 
14839260 100 105 1.17 
14864272 100 112 -7.25 
14889288 100 116 -5.78 
14914300 100 109 4.97 
14939336 100 120 -11.26 
14964352 100 123 -5.97 
14989372 100 119 1.26 
15014388 100 124 -6.61 
15039416 100 123 -1.89 
15064428 100 133 -12.32 
15089440 100 130 -1.35 
15114456 100 133 -5.96 
15139472 100 135 -5.71 
15164492 100 133 -1.88 
15189508 100 137 -7.30 
15214520 100 137 -4.23 
15239532 100 137 -3.92 
15264548 160 132 61.11 
15289564 160 129 12.06 
15314580 160 134 -0.56 
15339600 160 131 5.69 
15364616 160 126 8.60 
15389632 160 123 7.39 
15414648 160 125 2.56 
15439664 160 125 3.87 
15464680 160 126 3.00 
15489696 160 125 4.81 
15514716 160 126 3.09 
15539732 160 128 1.81 
15564748 160 130 1.49 
15589760 160 131 2.25 
15614776 160 133 1.23 
15639792 160 130 5.92 
15664808 160 133 0.69 
15689828 160 135 0.86 
15714844 160 135 2.68 
15739856 160 137 0.86 
15764872 160 135 4.48 
15789888 160 139 -0.97 
15814904 160 139 2.09 
15839920 160 143 -1.61 
15864940 160 141 3.63 
15889952 160 141 2.34 
15914968 160 145 -1.79 
15939984 160 143 3.40 
15965000 160 139 6.12 
15990016 160 145 -3.22 
16015032 160 146 0.26 
16040052 160 149 -1.50 
16065068 160 151 -0.97 
16090080 160 155 -3.12 
16115096 160 155 0.27 
16140108 160 156 -0.39 
16165124 160 159 -2.56 
16190140 160 156 2.93 
16215160 160 157 -0.23 
16240176 160 168 -10.64 
16265192 160 165 1.23 
16290204 160 173 -8.29 
16315220 160 179 -8.03 
16340236 160 177 -0.60 
16365252 160 175 0.35 
16390276 160 189 -15.36 
16415292 160 189 -4.32 
16440308 160 190 -4.21 
16465324 160 191 -4.29 
16490340 160 184 3.60 
16515352 160 192 -9.91 
16540368 160 191 -3.05 
16565388 160 186 1.73 
16590404 160 193 -9.29 
16615420 160 185 3.92 
16640436 160 199 -15.97 
16665448 160 196 -2.34 
16690464 160 192 0.32 
16715480 160 201 -12.01 
16740496 160 193 2.87 
16765512 160 188 2.15 
16790532 160 197 -11.42 
16815548 160 196 -3.67 
16840564 160 203 -10.79 
16865576 160 189 8.81 
16890588 160 203 -15.84 
16915608 160 197 0.31 
16940624 160 189 4.52 
16965644 160 200 -13.26 
16990660 160 201 -6.12 
17015676 160 210 -13.50 
17040688 160 188 15.87 
17065700 160 191 -4.01 
17090720 160 193 -5.29 
17115736 160 197 -7.62 
17140756 160 189 3.76 
17165772 160 188 -1.31 
17190788 160 189 -3.71 
17215804 160 190 -4.05 
17240820 160 186 0.82 
17265840 160 183 0.71 
17290856 160 182 -1.01 
17315876 160 176 3.92 
17340892 160 178 -2.99 
17365908 160 168 8.13 
17390920 160 179 -10.77 
17415936 160 170 6.25 
17440960 160 170 -0.16 
17465976 160 171 -1.80 
17491000 160 172 -2.06 
17516016 160 171 -0.18 
17541028 160 172 -1.89 
17566040 160 161 9.84 
17591056 160 172 -9.90 
17616072 160 174 -3.96 
17641084 160 164 8.43 
17666104 160 170 -5.34 
17691120 160 174 -5.31 
17716136 160 166 6.30 
17741148 160 166 0.26 
17766164 100 172 -66.35 
17791180 100 179 -20.54 
17816196 100 173 -3.65 
17841220 100 181 -15.36 
17866236 100 176 -4.31 
17891252 100 176 -7.71 
17916264 100 178 -10.04 
17941280 100 171 -1.46 
17966296 100 175 -10.90 
17991312 100 170 -3.24 
18016336 100 168 -4.97 
18041352 100 174 -12.94 
18066368 100 171 -5.32 
18091384 100 165 -1.26 
18116396 100 164 -5.25 
18141412 100 168 -10.54 
18166428 100 166 -5.46 
18191448 100 160 -0.75 
18216460 100 160 -5.68 
18241476 100 155 -1.17 
18266488 100 152 -2.21 
18291500 100 151 -4.02 
18316516 100 150 -4.09 
18341532 100 142 3.00 
18366552 100 142 -3.49 
18391568 100 145 -7.14 
18416596 100 146 -5.79 
18441608 100 140 1.25 
18466624 100 137 -0.45 
18491640 100 136 -2.32 
18516672 100 131 1.59 
18541692 100 132 -3.52 
18566708 100 126 2.88 
18591720 100 120 4.11 
18616752 100 121 -2.17 
18641768 100 115 4.11 
18666784 100 113 1.33 
18691796 100 111 1.25 
18716828 100 108 2.44 
18741848 100 101 6.86 
18766868 100 95 6.99 
18791884 100 105 -8.40 
18816912 100 99 5.07 
18841928 100 96 4.01 
18866944 100 93 4.20 
18891968 100 93 1.52 
18917000 100 93 1.25 
18942020 100 90 4.22 
18967032 100 84 7.81 
18992044 100 88 -1.24 
19017080 100 85 4.46 
19042092 100 82 5.33 
19067112 100 83 1.71 
19092132 100 79 6.25 
19117168 100 81 1.09 
19142188 100 76 7.38 
19167204 100 81 -1.50 
19192224 100 76 7.11 
19217252 100 75 4.47 
19242272 100 81 -2.70 
19267284 100 74 8.99 
19292304 100 78 -0.16 
19317340 100 78 2.53 
19342360 100 74 6.80 
19367380 100 72 5.62 
19392396 100 72 3.70 
19417428 100 71 4.50 
19442444 100 73 1.68 
19467464 100 68 8.19 
19492484 100 74 -1.66 
19517520 100 75 1.75 
19542540 100 74 3.99 
19567556 100 77 0.31 
19592572 100 78 1.64 
19617600 100 79 1.68 
19642624 100 79 2.58 
19667640 100 84 -2.33 
19692660 100 86 -0.32 
19717696 100 80 7.68 
19742712 100 80 3.07 
19767728 100 92 -9.39 
19792744 100 85 7.17 
19817776 100 91 -3.48 
19842792 100 86 5.86 
19867812 100 90 -1.71 
19892832 100 90 1.13 
19917868 100 92 -0.59 
19942888 100 90 3.04 
19967900 100 87 4.60 
19992912 100 89 0.05 
20017940 100 88 2.40 
20042964 100 92 -2.27 
20067980 100 91 1.87 
20093000 100 96 -3.62 
20118036 100 91 5.33 
20143052 100 93 -0.28 
20168072 100 95 -1.04 
20193088 100 90 5.69 
20218124 100 90 1.86 
20243140 100 92 -0.53 
20268160 160 91 62.03 
20293180 160 92 12.33 
20318216 160 93 7.25 
20343232 160 91 9.64 
20368244 160 89 10.07 
20393264 160 97 0.30 
20418292 160 95 8.53 
20443312 160 93 9.54 
20468332 160 91 9.83 
20493352 160 97 2.05 
20518380 160 97 6.67 
20543396 160 100 4.13 
20568420 160 107 -0.43 
20593436 160 104 8.42 
20618468 160 110 0.59 
20643484 160 114 1.21 
20668504 160 113 5.87 
20693520 160 121 -2.57 
20718564 160 122 2.79 
20743580 160 128 -1.78 
20768596 160 131 0.17 
20793612 160 133 1.06 
20818656 160 145 -9.05 
20843680 160 142 3.75 
20868696 160 142 2.32 
20893716 160 143 1.18 
20918760 160 148 -3.04 
20943772 160 146 3.05 
20968788 160 160 -12.15 
20993800 160 158 0.94 
21018848 160 167 -8.55 